#Frame   AVERAGE_00016 AVERAGE_00016[SD]
       1        0.9435            0.1149
       2        1.2187            0.0923
       3        0.8090            0.0386
       4        0.7543            0.0350
       5        0.7405            0.0396
       6        1.2225            0.1024
       7        0.8537            0.1111
       8        0.7777            0.0615
       9        0.6630            0.0419
      10        0.7210            0.0571
      11        0.7056            0.0444
      12        0.7030            0.0340
      13        0.7137            0.0459
      14        0.7066            0.0529
      15        0.8086            0.0692
      16        0.8197            0.0738
      17        0.7554            0.0569
      18        0.7898            0.0516
      19        0.8331            0.0492
      20        0.8960            0.0470
      21        0.7662            0.0334
      22        0.8197            0.0437
      23        1.3659            0.0516
      24        1.0792            0.0437
      25        0.7682            0.0331
      26        0.8991            0.0891
      27        0.8116            0.0279
      28        0.8387            0.0491
      29        0.7594            0.0396
      30        1.0967            0.0344
      31        0.8814            0.0443
      32        0.7618            0.0337
      33        0.8650            0.0596
      34        1.2511            0.0285
      35        1.0736            0.1172
      36        0.7632            0.0626
      37        0.7396            0.0459
      38        1.4508            0.1327
      39        0.8193            0.1037
      40        0.7068            0.0523
      41        0.8000            0.0580
      42        0.7682            0.0519
      43        0.7575            0.0524
      44        0.7960            0.0689
      45        1.4471            0.0543
      46        1.0240            0.1348
      47        0.9556            0.0848
      48        1.3809            0.0812
      49        0.8943            0.0817
      50        1.2596            0.0612
      51        0.8744            0.0997
      52        0.8023            0.0786
      53        0.7886            0.0740
      54        0.7400            0.0699
      55        1.2892            0.0405
      56        0.8987            0.0459
      57        0.6861            0.0534
      58        0.7203            0.0536
      59        0.8349            0.0876
      60        0.7002            0.0666
      61        0.7198            0.0839
      62        1.0753            0.0913
      63        1.1310            0.2340
      64        1.1173            0.1985
      65        0.9927            0.1598
      66        1.3528            0.2776
      67        1.0041            0.1375
      68        0.7929            0.0837
      69        0.8407            0.1502
      70        0.8929            0.1086
      71        1.1043            0.0855
      72        1.9911            0.1189
      73        3.5670            0.2514
