#Frame   AVERAGE_00016 AVERAGE_00016[SD]
       1        1.3259            0.1353
       2        1.3199            0.2073
       3        1.0539            0.1067
       4        1.1969            0.0740
       5        1.5147            0.0916
       6        0.9941            0.0851
       7        1.0450            0.0877
       8        0.9312            0.1022
       9        1.1895            0.1307
      10        1.0419            0.1241
      11        0.8661            0.1057
      12        0.8652            0.1115
      13        0.9096            0.1128
      14        1.0821            0.2464
      15        0.8292            0.1130
      16        1.0404            0.1450
      17        1.3250            0.2437
      18        1.0611            0.1606
      19        1.0617            0.1219
      20        1.6149            0.3095
      21        1.6880            0.1407
      22        1.1139            0.1612
      23        1.5597            0.1626
      24        1.0576            0.1473
      25        1.1582            0.1661
      26        1.6273            0.2170
      27        1.2533            0.1186
      28        1.0394            0.1248
      29        1.0432            0.2041
      30        1.0492            0.1592
      31        0.8908            0.1156
      32        0.7992            0.1030
      33        0.7941            0.1007
      34        0.8155            0.0984
      35        0.8548            0.0899
      36        0.7808            0.0983
      37        0.7429            0.0996
      38        0.7802            0.0958
      39        0.7887            0.0835
      40        0.7653            0.0834
      41        0.9732            0.0924
      42        0.9695            0.0695
      43        0.8437            0.0750
      44        0.7888            0.0873
      45        0.8740            0.0948
      46        1.2159            0.0597
      47        0.9215            0.0772
      48        0.8821            0.0834
      49        1.3830            0.0877
      50        1.1014            0.0880
      51        0.9149            0.0768
      52        1.0484            0.0757
      53        1.4632            0.0688
      54        1.1345            0.0575
      55        1.1204            0.0700
      56        1.9220            0.1400
      57        1.8482            0.0614
      58        1.6553            0.0569
      59        1.8110            0.0931
      60        1.3526            0.1002
      61        1.3271            0.1090
      62        1.3708            0.1088
      63        0.8548            0.0868
      64        0.8680            0.0819
      65        0.8150            0.0680
      66        1.0143            0.1415
      67        0.9045            0.0769
      68        0.8425            0.0604
      69        1.1922            0.0456
      70        1.2304            0.0900
      71        1.0430            0.0990
      72        1.2204            0.1123
      73        2.0037            0.2752
      74        1.8384            0.2614
      75        2.0236            0.3591
      76        2.4443            0.4652
      77        2.3043            0.4905
      78        1.5969            0.2445
      79        1.7427            0.2618
      80        2.0766            0.3428
      81        1.5847            0.2284
      82        1.6399            0.3177
      83        1.8210            0.3615
