#Frame   AVERAGE_00016 AVERAGE_00016[SD]
       1        0.9888            0.1282
       2        1.2735            0.1301
       3        0.8873            0.1427
       4        0.8405            0.1251
       5        0.8375            0.1200
       6        1.2240            0.1544
       7        0.9726            0.1437
       8        0.8174            0.1071
       9        0.7460            0.1237
      10        0.7945            0.1444
      11        0.7805            0.0981
      12        0.7780            0.1069
      13        0.7860            0.1178
      14        0.7847            0.1344
      15        0.9031            0.1508
      16        0.9875            0.1432
      17        0.8564            0.1543
      18        0.8884            0.1504
      19        0.9394            0.1576
      20        0.9951            0.1555
      21        0.8584            0.1368
      22        0.9336            0.1462
      23        1.4709            0.1337
      24        1.1427            0.1069
      25        0.8596            0.1151
      26        0.9893            0.1129
      27        0.8988            0.1126
      28        0.9125            0.1134
      29        0.8303            0.0985
      30        1.1721            0.0943
      31        0.9571            0.0971
      32        0.8395            0.0854
      33        0.9351            0.0805
      34        1.2948            0.0515
      35        1.1745            0.0543
      36        0.8119            0.0701
      37        0.8185            0.0877
      38        1.7077            0.1879
      39        0.8528            0.1022
      40        0.7753            0.0780
      41        0.8645            0.0832
      42        0.8446            0.0832
      43        0.8298            0.1097
      44        0.8616            0.0807
      45        1.4668            0.0597
      46        1.0458            0.0780
      47        0.9985            0.0733
      48        1.4331            0.0684
      49        0.9439            0.0909
      50        1.3109            0.1162
      51        0.9309            0.0949
      52        0.8724            0.0867
      53        0.8538            0.0705
      54        0.7957            0.0682
      55        1.3329            0.0543
      56        0.9310            0.0803
      57        0.7438            0.0654
      58        0.7579            0.0554
      59        0.8495            0.0490
      60        0.7575            0.0548
      61        0.7581            0.0459
      62        1.0926            0.0735
      63        1.1799            0.1309
      64        1.0805            0.1180
      65        1.0394            0.1327
      66        1.5433            0.3384
      67        1.0078            0.0914
      68        0.8166            0.0649
      69        0.8534            0.1061
      70        0.9991            0.1060
      71        1.1558            0.1350
      72        2.0913            0.1322
      73        3.6371            0.1555
