#Frame   AVERAGE_00016 AVERAGE_00016[SD]
       1        0.7576            0.0271
       2        0.8137            0.0452
       3        0.7463            0.0247
       4        0.6615            0.0184
       5        0.8442            0.0374
       6        1.2596            0.2687
       7        1.0606            0.0710
       8        0.6084            0.0138
       9        1.4664            0.0608
      10        1.5616            0.1384
      11        0.7193            0.0268
      12        0.6835            0.0178
      13        1.1480            0.0144
      14        0.8103            0.0182
      15        0.7820            0.0358
      16        1.4877            0.0600
      17        0.7713            0.0409
      18        0.6277            0.0261
      19        0.6405            0.0291
      20        1.0649            0.1295
      21        1.0045            0.0950
      22        0.8091            0.0373
      23        0.7409            0.0320
      24        0.6585            0.0277
      25        1.2048            0.0379
      26        1.0617            0.0416
      27        0.7520            0.0530
      28        0.7341            0.0528
      29        1.0363            0.2115
      30        1.2619            0.0493
      31        0.8124            0.0341
      32        0.8502            0.0544
      33        1.3111            0.1469
      34        1.5297            0.0789
      35        1.4222            0.1572
      36        1.3301            0.1400
      37        1.3770            0.1891
      38        1.8650            0.2821
      39        1.0623            0.1194
      40        1.2786            0.1457
      41        0.9950            0.1009
      42        0.9757            0.0580
      43        1.1192            0.1537
      44        0.8092            0.0261
      45        0.6310            0.0341
      46        0.6773            0.0312
      47        1.1331            0.0341
      48        0.5828            0.0303
      49        0.6738            0.0371
      50        0.5854            0.0229
      51        0.8008            0.0191
      52        0.5419            0.0199
      53        0.5890            0.0251
      54        0.6690            0.0749
      55        0.5541            0.0172
      56        0.7856            0.0904
      57        0.5981            0.0179
      58        0.6452            0.0299
      59        0.5963            0.0299
      60        0.6337            0.0309
      61        0.8183            0.0146
      62        1.0321            0.0435
      63        0.7107            0.0386
      64        0.5628            0.0216
      65        0.6274            0.0199
      66        0.8013            0.0167
      67        0.6294            0.0215
      68        0.6026            0.0216
      69        0.6698            0.0206
      70        0.6787            0.0177
      71        0.7277            0.0224
      72        1.1999            0.0293
      73        0.6855            0.0195
      74        0.8053            0.0243
      75        0.6387            0.0171
      76        0.5747            0.0154
      77        0.8132            0.0193
      78        0.6686            0.0198
      79        0.9691            0.0350
      80        0.7175            0.0939
      81        0.7373            0.0505
      82        1.3568            0.0729
      83        0.7332            0.0433
      84        0.7185            0.0746
      85        1.3442            0.0901
      86        1.7351            0.1545
      87        0.8766            0.1075
      88        1.2198            0.3322
      89        1.2592            0.2534
      90        2.4694            0.6381
      91        4.1951            0.8818
      92        4.8383            0.8389
