#Frame   AVERAGE_00016 AVERAGE_00016[SD]
       1        1.3917            0.2181
       2        1.4276            0.1759
       3        0.9602            0.0816
       4        1.1459            0.0814
       5        1.7100            0.1205
       6        0.9121            0.0796
       7        0.9548            0.0629
       8        0.8235            0.0601
       9        1.0819            0.0594
      10        0.9766            0.0714
      11        0.7822            0.0777
      12        0.7740            0.0966
      13        0.8400            0.1026
      14        1.1876            0.2395
      15        0.7472            0.0806
      16        0.9828            0.0492
      17        1.4790            0.2656
      18        0.9795            0.1085
      19        0.9606            0.0770
      20        1.6370            0.0659
      21        1.6070            0.1357
      22        1.0306            0.1322
      23        1.4471            0.2365
      24        1.0244            0.1031
      25        1.1469            0.2022
      26        1.6417            0.2369
      27        1.1729            0.1627
      28        0.9806            0.1537
      29        0.9674            0.2267
      30        0.9869            0.2011
      31        0.8024            0.0892
      32        0.7060            0.0597
      33        0.7114            0.0837
      34        0.7221            0.0707
      35        0.7692            0.0488
      36        0.7009            0.0510
      37        0.6548            0.0592
      38        0.6916            0.0534
      39        0.7286            0.0638
      40        0.6941            0.0560
      41        0.9009            0.0494
      42        0.8899            0.0498
      43        0.7904            0.0738
      44        0.7061            0.0511
      45        0.7839            0.0550
      46        1.1383            0.0481
      47        0.8359            0.0613
      48        0.7799            0.0470
      49        1.3041            0.0608
      50        0.9999            0.0679
      51        0.7891            0.0570
      52        0.9367            0.0537
      53        1.3818            0.0671
      54        1.0412            0.0527
      55        1.0138            0.0470
      56        1.8419            0.1177
      57        1.8083            0.0544
      58        1.5857            0.0396
      59        1.7463            0.0477
      60        1.3032            0.1075
      61        1.2311            0.0408
      62        1.2832            0.1137
      63        0.7088            0.0337
      64        0.7798            0.1013
      65        0.6805            0.0509
      66        0.9219            0.2031
      67        0.7661            0.0496
      68        0.7259            0.0497
      69        1.1052            0.1503
      70        1.1864            0.0698
      71        0.9474            0.0915
      72        1.1361            0.1095
      73        2.0081            0.2238
      74        1.7728            0.2452
      75        1.8592            0.2437
      76        2.1858            0.3568
      77        2.0170            0.3665
      78        1.4444            0.2001
      79        1.6813            0.3459
      80        1.9524            0.3943
      81        1.4017            0.2138
      82        1.3824            0.1776
      83        1.5786            0.3466
