#Frame   AVERAGE_00016 AVERAGE_00016[SD]
       1        2.4064            1.1390
       2        2.5147            1.1816
       3        2.3867            1.1718
       4        2.2067            1.1094
       5        2.2674            1.0728
       6        2.8076            1.0148
       7        2.3646            0.9757
       8        1.9956            1.0372
       9        2.7075            0.9651
      10        2.6779            0.8941
      11        2.0299            1.0019
      12        1.8776            0.9534
      13        2.2303            0.9454
      14        1.9540            0.9534
      15        1.8117            0.9104
      16        2.4279            0.8009
      17        1.8369            0.8572
      18        1.8322            0.9159
      19        1.7768            0.8593
      20        2.2464            0.8407
      21        2.0157            0.7963
      22        1.9315            0.8375
      23        1.8345            0.8328
      24        1.6237            0.7570
      25        1.9584            0.6968
      26        1.8714            0.7954
      27        1.6539            0.6961
      28        1.5456            0.6546
      29        1.9799            0.5822
      30        1.9499            0.5874
      31        1.5477            0.5837
      32        1.5133            0.5573
      33        1.9807            0.5624
      34        2.0497            0.4631
      35        1.8642            0.4153
      36        1.9602            0.5788
      37        1.9810            0.5092
      38        2.4094            0.3440
      39        1.6853            0.4497
      40        1.9045            0.5919
      41        1.5918            0.6148
      42        1.6704            0.6589
      43        1.7601            0.6926
      44        1.5249            0.7223
      45        1.3613            0.6848
      46        1.5051            0.7129
      47        1.8740            0.6782
      48        1.3487            0.6858
      49        1.4433            0.6236
      50        1.5587            0.7692
      51        1.6197            0.7043
      52        1.3615            0.6641
      53        1.4710            0.6790
      54        1.6853            0.7469
      55        1.4748            0.7074
      56        1.5272            0.6087
      57        1.6064            0.7316
      58        1.6714            0.7704
      59        1.5866            0.7155
      60        1.6318            0.7196
      61        1.8598            0.7687
      62        1.9553            0.7434
      63        1.7169            0.7192
      64        1.7674            0.8317
      65        1.8921            0.8966
      66        1.9347            0.8074
      67        1.8440            0.8404
      68        1.9656            0.9469
      69        2.0094            0.9520
      70        1.9713            0.9056
      71        2.1067            0.9713
      72        2.4740            0.9417
      73        2.1114            0.9997
      74        2.1950            1.0123
      75        2.1195            1.0302
      76        1.9583            0.9543
      77        2.1180            0.9078
      78        1.9181            0.8740
      79        2.1340            0.8343
      80        1.9033            0.8482
      81        1.8304            0.7574
      82        2.2334            0.6531
      83        1.8124            0.7367
      84        1.7151            0.6831
      85        2.0100            0.6235
      86        2.4199            0.6222
      87        1.7563            0.6353
      88        1.9059            0.6050
      89        2.0330            0.4056
      90        3.5573            0.5994
      91        5.4392            0.6210
      92        5.7767            1.0344
