#Frame   AVERAGE_00016 AVERAGE_00016[SD]
       1        2.4606            0.4651
       2        2.2959            0.5157
       3        2.7766            0.5914
       4        2.7082            0.5205
       5        2.9559            0.4428
       6        2.3835            0.5605
       7        2.7098            0.5703
       8        3.1874            0.4475
       9        2.6833            0.4992
      10        3.1884            0.6288
      11        2.9854            0.6168
      12        3.4334            0.6718
      13        2.6537            0.7282
      14        2.4447            0.8087
      15        2.2957            0.7606
      16        2.4907            0.7940
      17        2.3632            0.7704
      18        2.6741            0.7732
      19        2.0445            0.7367
      20        2.1316            0.6928
      21        2.1045            0.6930
      22        2.0774            0.6506
      23        1.8673            0.6281
      24        1.9414            0.6070
      25        2.0657            0.5653
      26        1.7244            0.5493
      27        1.6640            0.5293
      28        1.7264            0.5286
      29        1.8850            0.4487
      30        1.7056            0.4576
      31        1.5840            0.4792
      32        1.8059            0.4710
      33        1.8006            0.4016
      34        1.5853            0.4558
      35        1.6745            0.4537
      36        1.8697            0.4423
      37        1.6749            0.4544
      38        1.6785            0.4250
      39        1.7765            0.3991
      40        1.8258            0.3942
      41        1.7915            0.4144
      42        1.7553            0.4166
      43        1.8776            0.3918
      44        2.5991            0.4571
      45        2.3451            0.2923
      46        2.6362            0.2877
      47        2.3136            0.2913
      48        2.0929            0.5105
      49        1.9521            0.4805
      50        2.2242            0.6458
      51        1.8928            0.4791
      52        1.9467            0.4797
      53        1.7265            0.4677
      54        1.6474            0.4354
      55        1.7521            0.4270
      56        1.7527            0.4590
      57        1.5945            0.4125
      58        1.5724            0.4283
      59        1.6863            0.4133
      60        1.8728            0.3580
      61        1.7429            0.3964
      62        2.1199            0.5691
      63        2.1942            0.3209
      64        2.9793            0.4229
      65        3.3085            0.6215
      66        2.3971            0.4985
      67        1.9834            0.4511
      68        2.9434            0.4690
      69        2.3735            0.4122
      70        1.8768            0.4797
      71        1.8633            0.4734
      72        1.9829            0.5259
      73        2.2915            0.4885
      74        1.8958            0.4821
      75        2.0517            0.5298
      76        2.4382            0.5522
      77        2.1876            0.5639
      78        2.2330            0.5206
      79        2.4642            0.5887
      80        3.0852            0.6519
      81        2.9794            0.6878
      82        3.1515            0.6703
      83        3.9346            1.0829
      84        4.2341            1.2228
      85        5.4275            1.5928
      86        5.7774            1.5710
      87        5.2650            1.4419
      88        6.2621            1.5537
