#Frame   AVERAGE_00016 AVERAGE_00016[SD]
       1        2.6926            0.7620
       2        2.5687            0.7063
       3        3.0920            0.7795
       4        3.0868            0.6990
       5        2.9888            0.5680
       6        2.8895            0.6899
       7        3.2607            0.8157
       8        3.8105            1.0504
       9        3.1193            0.7532
      10        3.6109            0.7328
      11        3.5934            0.7623
      12        3.9131            0.8085
      13        3.3730            0.8141
      14        3.0114            0.7915
      15        2.7406            0.7388
      16        2.8622            0.7950
      17        2.6788            0.7428
      18        2.9011            0.6512
      19        2.2852            0.6967
      20        2.3786            0.6794
      21        2.2151            0.6380
      22        2.1772            0.5749
      23        2.0228            0.6606
      24        2.0012            0.6204
      25        2.0300            0.5268
      26        1.7489            0.5691
      27        1.7246            0.5613
      28        1.7046            0.5512
      29        1.8226            0.4375
      30        1.7027            0.4755
      31        1.5734            0.5111
      32        1.7296            0.5396
      33        1.7441            0.3986
      34        1.5550            0.4539
      35        1.6375            0.4850
      36        1.7872            0.4790
      37        1.6208            0.5301
      38        1.6305            0.5303
      39        1.7121            0.5469
      40        1.7803            0.5355
      41        1.7690            0.5499
      42        1.7423            0.5133
      43        1.8659            0.6024
      44        2.7532            0.5264
      45        2.2832            0.5348
      46        2.3433            0.5489
      47        2.2041            0.5656
      48        1.9364            0.6305
      49        1.8198            0.5430
      50        1.9794            0.5725
      51        1.8408            0.5502
      52        1.9088            0.5462
      53        1.6958            0.5308
      54        1.6449            0.4710
      55        1.7867            0.4371
      56        1.7786            0.5094
      57        1.6351            0.4360
      58        1.6466            0.4013
      59        1.7857            0.4236
      60        1.9127            0.3829
      61        1.7885            0.3677
      62        2.0276            0.3691
      63        2.2062            0.5793
      64        3.0227            0.8313
      65        3.3234            0.7101
      66        2.9481            1.2103
      67        2.6200            1.2509
      68        3.4619            1.1933
      69        2.6706            0.5880
      70        2.0610            0.4653
      71        2.0600            0.4898
      72        2.1745            0.5144
      73        2.4721            0.4531
      74        1.9656            0.4285
      75        2.1697            0.5130
      76        2.5452            0.5008
      77        2.2342            0.5220
      78        2.2282            0.5336
      79        2.5116            0.5745
      80        3.1122            0.4542
      81        2.8704            0.6601
      82        2.8814            0.6142
      83        3.4946            0.9099
      84        3.7942            1.1735
      85        4.4145            1.3840
      86        4.7118            1.3424
      87        4.9524            1.7547
      88        6.1665            1.8124
