#Frame   AVERAGE_00016 AVERAGE_00016[SD]
       1        3.6589            1.1446
       2        3.6784            0.9977
       3        3.5318            1.5155
       4        3.3894            1.2776
       5        2.8781            0.8478
       6        2.2264            0.6461
       7        2.0081            0.5055
       8        2.0550            0.5752
       9        2.5784            0.5857
      10        1.7770            0.5727
      11        2.1009            0.6145
      12        2.5828            0.5683
      13        1.8151            0.5919
      14        1.8164            0.6296
      15        2.2937            0.8014
      16        2.4318            0.6523
      17        2.0528            0.6896
      18        2.0983            0.8143
      19        2.1356            0.7706
      20        2.0104            0.6102
      21        2.1799            0.5354
      22        2.2617            0.6159
      23        1.9126            0.5434
      24        1.9409            0.5707
      25        2.3119            0.5318
      26        1.8610            0.5525
      27        1.7381            0.5305
      28        1.7577            0.5316
      29        1.8352            0.5160
      30        1.7167            0.4814
      31        1.6587            0.4706
      32        1.7446            0.4941
      33        1.7822            0.4664
      34        1.7009            0.4346
      35        1.7718            0.4355
      36        2.1851            0.5014
      37        2.0161            0.4557
      38        1.8833            0.4170
      39        2.1446            0.5417
      40        2.1286            0.5528
      41        2.3186            0.5256
      42        2.0942            0.5820
      43        2.2859            0.6198
      44        2.6620            0.5814
      45        2.4729            0.6205
      46        2.4520            0.7012
      47        2.7106            0.7373
      48        3.0110            0.7110
      49        2.8085            0.7636
      50        2.9521            0.7889
      51        3.5632            0.7473
      52        3.5481            0.8254
      53        3.4890            1.0660
      54        3.9385            1.0277
      55        3.4388            0.9777
      56        3.4156            0.9625
      57        3.3331            0.8863
      58        2.6118            0.7513
      59        2.5552            0.7504
      60        2.3840            0.7068
      61        2.7656            0.7008
      62        2.5714            0.7556
      63        2.2022            0.6487
      64        2.2559            0.6462
      65        2.5174            0.6948
      66        2.2582            0.6449
      67        2.1290            0.5708
      68        2.6272            0.6356
      69        2.8868            0.6220
      70        2.5511            0.6701
      71        2.3212            0.5618
      72        2.2649            0.5673
      73        2.1380            0.5997
      74        2.2534            0.5035
      75        1.9929            0.4352
      76        1.9615            0.3965
      77        1.9181            0.4689
      78        2.0445            0.4900
      79        2.4578            0.4827
      80        1.8319            0.5041
      81        2.0221            0.6789
      82        2.3687            0.8038
      83        2.5189            0.7172
