#Res        AtomicFlx
 475.000       1.6085
 476.000       1.7220
 477.000       1.1573
 478.000       1.3285
 479.000       1.8832
 480.000       1.1041
 481.000       1.0835
 482.000       0.9553
 483.000       1.1297
 484.000       1.1163
 485.000       0.9624
 486.000       1.0111
 487.000       1.0839
 488.000       1.5956
 489.000       0.9197
 490.000       1.0826
 491.000       1.8830
 492.000       1.1322
 493.000       1.0920
 494.000       1.6436
 495.000       1.7458
 496.000       1.2423
 497.000       1.6679
 498.000       1.1531
 499.000       1.3433
 500.000       1.9868
 501.000       1.3221
 502.000       1.2747
 503.000       1.4608
 504.000       1.4531
 505.000       1.0299
 506.000       0.8498
 507.000       0.9145
 508.000       0.9013
 509.000       0.8691
 510.000       0.7872
 511.000       0.7688
 512.000       0.7804
 513.000       0.8210
 514.000       0.7656
 515.000       0.9542
 516.000       0.8926
 517.000       0.9187
 518.000       0.7196
 519.000       0.7571
 520.000       1.0778
 521.000       0.7504
 522.000       0.7365
 523.000       1.2295
 524.000       0.8948
 525.000       0.7015
 526.000       0.8627
 527.000       1.3008
 528.000       0.9728
 529.000       0.9521
 530.000       1.8008
 531.000       1.7320
 532.000       1.5452
 533.000       1.6904
 534.000       1.2110
 535.000       1.2395
 536.000       1.0834
 537.000       0.6592
 538.000       0.8471
 539.000       0.6223
 540.000       0.9451
 541.000       0.6785
 542.000       0.6555
 543.000       0.7841
 544.000       1.0684
 545.000       0.7486
 546.000       0.9079
 547.000       1.6599
 548.000       1.2117
 549.000       1.3630
 550.000       1.3365
 551.000       1.5293
 552.000       1.0825
 553.000       0.9732
 554.000       1.1336
 555.000       1.0008
 556.000       0.9799
 557.000       1.0507
