#Res        AtomicFlx
 854.000       1.2952
 855.000       1.4509
 856.000       0.9072
 857.000       1.0732
 858.000       1.6938
 859.000       0.8289
 860.000       0.8773
 861.000       0.7678
 862.000       1.0338
 863.000       0.9553
 864.000       0.7560
 865.000       0.7755
 866.000       0.8577
 867.000       1.0528
 868.000       0.7640
 869.000       1.0432
 870.000       1.5636
 871.000       1.0555
 872.000       1.0094
 873.000       1.6951
 874.000       1.7332
 875.000       1.2029
 876.000       1.6400
 877.000       1.1970
 878.000       1.5009
 879.000       2.0473
 880.000       1.3522
 881.000       0.9961
 882.000       0.9062
 883.000       0.9411
 884.000       0.8056
 885.000       0.7115
 886.000       0.6971
 887.000       0.7066
 888.000       0.7648
 889.000       0.6996
 890.000       0.6287
 891.000       0.6646
 892.000       0.7048
 893.000       0.6730
 894.000       0.8543
 895.000       0.8584
 896.000       0.7462
 897.000       0.6875
 898.000       0.7715
 899.000       1.1246
 900.000       0.8683
 901.000       0.7900
 902.000       1.2890
 903.000       1.0088
 904.000       0.8050
 905.000       0.9563
 906.000       1.4094
 907.000       1.0705
 908.000       1.0483
 909.000       1.7278
 910.000       1.8258
 911.000       1.5862
 912.000       1.7980
 913.000       1.4744
 914.000       1.2823
 915.000       1.3744
 916.000       0.7231
 917.000       0.7071
 918.000       0.6577
 919.000       0.7213
 920.000       0.7689
 921.000       0.7046
 922.000       1.0871
 923.000       1.1556
 924.000       0.9310
 925.000       1.0922
 926.000       1.8943
 927.000       1.8796
 928.000       2.1055
 929.000       2.2714
 930.000       2.1699
 931.000       1.5363
 932.000       1.7288
 933.000       2.1601
 934.000       1.4490
 935.000       1.2989
 936.000       1.0959
