#Res        AtomicFlx
 964.000       0.7594
 965.000       0.7897
 966.000       1.0402
 967.000       0.8583
 968.000       0.7391
 969.000       1.4910
 970.000       1.1070
 971.000       0.8063
 972.000       0.9175
 973.000       1.3834
 974.000       1.5969
 975.000       1.1086
 976.000       1.8329
 977.000       1.4802
 978.000       1.9568
 979.000       1.1697
 980.000       0.9004
 981.000       0.8283
 982.000       0.8438
 983.000       1.0785
 984.000       1.3061
 985.000       0.6435
 986.000       0.9567
 987.000       0.7811
 988.000       0.6372
 989.000       0.6922
 990.000       0.7816
 991.000       0.6551
 992.000       0.8954
 993.000       0.6352
 994.000       0.8722
 995.000       0.8748
 996.000       0.7152
 997.000       0.9200
 998.000       1.4373
 999.000       1.2026
1000.000       0.7704
1001.000       0.7876
1002.000       0.9310
1003.000       1.2715
1004.000       0.8728
1005.000       0.9927
1006.000       1.8243
1007.000       1.0114
1008.000       0.9228
1009.000       1.2044
1010.000       0.9978
1011.000       1.3157
1012.000       1.4635
1013.000       1.6103
1014.000       1.1732
1015.000       0.8631
1016.000       0.7894
1017.000       0.7413
1018.000       0.8400
1019.000       1.5430
1020.000       0.9092
1021.000       0.7196
1022.000       1.1445
1023.000       0.8406
1024.000       0.7657
1025.000       0.7910
1026.000       1.3674
1027.000       0.9169
1028.000       1.1844
1029.000       1.0033
1030.000       1.1578
1031.000       1.2702
1032.000       1.8299
1033.000       1.1618
1034.000       0.9636
1035.000       1.5088
1036.000       1.4932
1037.000       0.8340
1038.000       0.9028
1039.000       1.0368
1040.000       1.1220
1041.000       0.8120
1042.000       0.9628
1043.000       1.3224
1044.000       0.8315
1045.000       0.9667
1046.000       1.0989
1047.000       1.3899
1048.000       1.1562
1049.000       1.4177
1050.000       2.7306
1051.000       4.5716
