#Res        AtomicFlx
 964.000       1.0005
 965.000       0.8135
 966.000       1.0919
 967.000       0.9123
 968.000       0.7438
 969.000       1.8407
 970.000       1.1277
 971.000       0.8407
 972.000       0.9646
 973.000       1.4051
 974.000       1.6437
 975.000       1.1602
 976.000       1.8795
 977.000       1.4990
 978.000       2.0386
 979.000       1.0308
 980.000       0.8295
 981.000       0.7714
 982.000       0.7858
 983.000       0.9980
 984.000       1.3049
 985.000       0.6312
 986.000       0.8532
 987.000       0.8026
 988.000       0.6540
 989.000       0.6790
 990.000       0.8474
 991.000       0.6760
 992.000       0.8885
 993.000       0.6797
 994.000       0.9142
 995.000       0.8532
 996.000       0.6971
 997.000       0.9109
 998.000       1.2225
 999.000       0.8460
1000.000       0.7572
1001.000       0.7765
1002.000       0.8342
1003.000       1.1526
1004.000       0.8811
1005.000       0.9682
1006.000       1.2862
1007.000       0.9687
1008.000       0.9658
1009.000       1.5224
1010.000       0.9448
1011.000       1.2506
1012.000       1.4751
1013.000       1.7661
1014.000       1.0446
1015.000       0.9164
1016.000       0.8506
1017.000       0.8203
1018.000       0.9002
1019.000       1.9045
1020.000       0.8839
1021.000       0.7930
1022.000       1.1788
1023.000       0.8948
1024.000       0.8584
1025.000       0.9503
1026.000       1.5615
1027.000       1.0063
1028.000       1.0520
1029.000       1.1779
1030.000       1.4217
1031.000       1.4213
1032.000       2.0884
1033.000       1.2968
1034.000       1.0485
1035.000       1.6267
1036.000       1.5743
1037.000       0.9142
1038.000       0.9914
1039.000       1.1507
1040.000       1.1870
1041.000       0.8769
1042.000       1.0574
1043.000       1.3996
1044.000       0.8954
1045.000       1.0505
1046.000       1.1820
1047.000       1.4586
1048.000       1.1428
1049.000       1.3894
1050.000       2.2354
1051.000       3.2969
