#Res        AtomicFlx
 402.000       0.7674
 403.000       1.0485
 404.000       0.6509
 405.000       0.6215
 406.000       0.6209
 407.000       1.0632
 408.000       0.9004
 409.000       0.5987
 410.000       0.5355
 411.000       0.5849
 412.000       0.6099
 413.000       0.6013
 414.000       0.6002
 415.000       0.5797
 416.000       0.6920
 417.000       1.1540
 418.000       0.6226
 419.000       0.6462
 420.000       0.6869
 421.000       0.7734
 422.000       0.6350
 423.000       0.6958
 424.000       1.3086
 425.000       0.9782
 426.000       0.7177
 427.000       0.7639
 428.000       0.7424
 429.000       0.7788
 430.000       0.6756
 431.000       1.0166
 432.000       0.8328
 433.000       0.7158
 434.000       0.8163
 435.000       1.1808
 436.000       1.0908
 437.000       0.7128
 438.000       0.6654
 439.000       1.4624
 440.000       0.7633
 441.000       0.6177
 442.000       0.6816
 443.000       0.6920
 444.000       0.6787
 445.000       0.7057
 446.000       1.3874
 447.000       0.9671
 448.000       0.8870
 449.000       1.3055
 450.000       0.8150
 451.000       1.2244
 452.000       0.7822
 453.000       0.7278
 454.000       0.7355
 455.000       0.6798
 456.000       1.2763
 457.000       0.8419
 458.000       0.6118
 459.000       0.7278
 460.000       0.7622
 461.000       0.6440
 462.000       0.6448
 463.000       0.9674
 464.000       1.2701
 465.000       1.1488
 466.000       0.9523
 467.000       1.2995
 468.000       0.9291
 469.000       0.6950
 470.000       0.6525
 471.000       0.8095
 472.000       1.0537
 473.000       2.0401
 474.000       3.4147
