#Res        AtomicFlx
 475.000       1.1518
 476.000       1.3766
 477.000       0.8846
 478.000       1.1152
 479.000       1.7748
 480.000       0.9124
 481.000       0.9603
 482.000       0.8284
 483.000       1.1615
 484.000       0.9552
 485.000       0.7435
 486.000       0.7150
 487.000       0.7649
 488.000       0.9117
 489.000       0.6989
 490.000       0.9346
 491.000       1.1253
 492.000       0.9323
 493.000       0.9117
 494.000       1.5772
 495.000       1.5282
 496.000       0.9594
 497.000       1.3396
 498.000       0.9368
 499.000       1.0281
 500.000       1.4655
 501.000       1.0503
 502.000       0.8924
 503.000       0.8489
 504.000       0.8769
 505.000       0.7808
 506.000       0.6862
 507.000       0.6783
 508.000       0.7147
 509.000       0.7639
 510.000       0.6759
 511.000       0.6452
 512.000       0.6959
 513.000       0.7092
 514.000       0.6834
 515.000       0.9156
 516.000       0.9019
 517.000       0.7892
 518.000       0.7225
 519.000       0.8161
 520.000       1.1766
 521.000       0.8767
 522.000       0.7920
 523.000       1.3643
 524.000       1.0184
 525.000       0.8082
 526.000       0.9514
 527.000       1.4230
 528.000       1.0808
 529.000       1.0389
 530.000       2.0169
 531.000       1.8585
 532.000       1.6528
 533.000       1.7733
 534.000       1.2706
 535.000       1.2185
 536.000       1.4321
 537.000       0.6887
 538.000       0.7314
 539.000       0.7269
 540.000       0.7961
 541.000       0.8017
 542.000       0.7667
 543.000       1.2051
 544.000       1.2803
 545.000       1.0228
 546.000       1.1980
 547.000       2.0463
 548.000       1.8945
 549.000       1.9884
 550.000       2.5156
 551.000       2.3800
 552.000       1.5596
 553.000       1.7061
 554.000       2.0497
 555.000       1.3881
 556.000       1.4055
 557.000       1.5307
