#Res        AtomicFlx
 402.000       0.8617
 403.000       1.1049
 404.000       0.7342
 405.000       0.6666
 406.000       0.6321
 407.000       1.0977
 408.000       0.7481
 409.000       0.6081
 410.000       0.5291
 411.000       0.5736
 412.000       0.6131
 413.000       0.5869
 414.000       0.5770
 415.000       0.5595
 416.000       0.6851
 417.000       1.1577
 418.000       0.6184
 419.000       0.6387
 420.000       0.6718
 421.000       0.7500
 422.000       0.6258
 423.000       0.7186
 424.000       1.2810
 425.000       0.9852
 426.000       0.7106
 427.000       0.7960
 428.000       0.7446
 429.000       0.8075
 430.000       0.7056
 431.000       0.9873
 432.000       0.7920
 433.000       0.6236
 434.000       0.7605
 435.000       1.1618
 436.000       1.0403
 437.000       0.7035
 438.000       0.6623
 439.000       1.1920
 440.000       0.8539
 441.000       0.6286
 442.000       0.7328
 443.000       0.7643
 444.000       0.7375
 445.000       0.7248
 446.000       1.4749
 447.000       1.2844
 448.000       0.9064
 449.000       1.3204
 450.000       0.7890
 451.000       1.1836
 452.000       0.7234
 453.000       0.6836
 454.000       0.6684
 455.000       0.6170
 456.000       1.1989
 457.000       0.8126
 458.000       0.5939
 459.000       0.6231
 460.000       0.7375
 461.000       0.6117
 462.000       0.6115
 463.000       0.9295
 464.000       1.2774
 465.000       0.9021
 466.000       0.8139
 467.000       0.9314
 468.000       0.8447
 469.000       0.6328
 470.000       0.6521
 471.000       0.7596
 472.000       0.9772
 473.000       1.9330
 474.000       3.5251
