#Res        AtomicFlx
 964.000       1.0716
 965.000       0.9296
 966.000       1.2179
 967.000       0.9227
 968.000       0.8015
 969.000       1.5123
 970.000       1.1033
 971.000       0.7499
 972.000       0.8027
 973.000       1.2801
 974.000       1.5069
 975.000       0.9555
 976.000       1.5074
 977.000       1.1889
 978.000       1.6838
 979.000       0.9850
 980.000       0.8069
 981.000       0.7567
 982.000       0.7733
 983.000       1.0338
 984.000       1.3214
 985.000       0.6362
 986.000       1.0143
 987.000       0.8058
 988.000       0.6723
 989.000       0.7466
 990.000       0.8250
 991.000       0.6684
 992.000       0.9134
 993.000       0.6712
 994.000       0.8446
 995.000       0.8569
 996.000       0.7043
 997.000       0.8909
 998.000       1.1493
 999.000       0.8626
1000.000       0.6419
1001.000       0.6426
1002.000       0.6926
1003.000       0.9570
1004.000       0.6461
1005.000       0.7605
1006.000       1.6827
1007.000       0.8679
1008.000       0.7490
1009.000       1.1315
1010.000       0.8522
1011.000       0.9238
1012.000       1.2508
1013.000       1.4802
1014.000       0.9263
1015.000       0.7760
1016.000       0.7367
1017.000       0.6920
1018.000       0.7806
1019.000       1.8272
1020.000       0.7233
1021.000       0.6332
1022.000       1.0112
1023.000       0.6490
1024.000       0.6388
1025.000       0.6926
1026.000       1.4517
1027.000       0.7584
1028.000       0.9458
1029.000       0.9482
1030.000       1.0985
1031.000       1.1615
1032.000       1.8830
1033.000       1.1107
1034.000       0.8512
1035.000       1.4448
1036.000       1.4615
1037.000       0.7502
1038.000       0.7955
1039.000       0.9653
1040.000       1.0673
1041.000       0.7511
1042.000       0.9093
1043.000       1.2645
1044.000       0.8039
1045.000       0.9602
1046.000       1.0872
1047.000       1.3679
1048.000       1.1942
1049.000       1.3958
1050.000       2.4561
1051.000       3.5774
