#Res        AtomicFlx
 301.000       0.7705
 302.000       0.8067
 303.000       0.7628
 304.000       0.6868
 305.000       0.8886
 306.000       1.6890
 307.000       1.0611
 308.000       0.6217
 309.000       1.4512
 310.000       1.6210
 311.000       0.7083
 312.000       0.7014
 313.000       1.1309
 314.000       0.8089
 315.000       0.7813
 316.000       1.4849
 317.000       0.7579
 318.000       0.6064
 319.000       0.6029
 320.000       1.0282
 321.000       0.9326
 322.000       0.7598
 323.000       0.6937
 324.000       0.6325
 325.000       1.1851
 326.000       0.9852
 327.000       0.7131
 328.000       0.6937
 329.000       1.1738
 330.000       1.2505
 331.000       0.8354
 332.000       0.9142
 333.000       1.4974
 334.000       1.6640
 335.000       1.5661
 336.000       1.4715
 337.000       1.6229
 338.000       2.1289
 339.000       1.0988
 340.000       1.1558
 341.000       1.1230
 342.000       1.0539
 343.000       1.3398
 344.000       0.8449
 345.000       0.6278
 346.000       0.6564
 347.000       1.1434
 348.000       0.5702
 349.000       0.6604
 350.000       0.5646
 351.000       0.8329
 352.000       0.5432
 353.000       0.6069
 354.000       0.7485
 355.000       0.5728
 356.000       0.7219
 357.000       0.6122
 358.000       0.6247
 359.000       0.6239
 360.000       0.6471
 361.000       0.8286
 362.000       1.0695
 363.000       0.7852
 364.000       0.5762
 365.000       0.6371
 366.000       0.7826
 367.000       0.6439
 368.000       0.6104
 369.000       0.6733
 370.000       0.6784
 371.000       0.7254
 372.000       1.1832
 373.000       0.6910
 374.000       0.8136
 375.000       0.6472
 376.000       0.5832
 377.000       0.8155
 378.000       0.6725
 379.000       0.9570
 380.000       0.8152
 381.000       0.7619
 382.000       1.3941
 383.000       0.7693
 384.000       0.7718
 385.000       1.3230
 386.000       1.9016
 387.000       0.9410
 388.000       1.2673
 389.000       1.4655
 390.000       2.5268
 391.000       4.2239
 392.000       4.2970
