#Res        AtomicFlx
 781.000       0.8386
 782.000       1.0942
 783.000       0.6999
 784.000       0.6448
 785.000       0.6310
 786.000       1.0076
 787.000       0.7239
 788.000       0.6343
 789.000       0.5335
 790.000       0.5706
 791.000       0.6176
 792.000       0.6073
 793.000       0.5976
 794.000       0.5652
 795.000       0.6667
 796.000       0.7036
 797.000       0.5920
 798.000       0.6141
 799.000       0.6618
 800.000       0.7497
 801.000       0.6192
 802.000       0.6918
 803.000       1.2925
 804.000       0.9712
 805.000       0.7040
 806.000       0.7904
 807.000       0.7283
 808.000       0.7960
 809.000       0.7036
 810.000       1.0179
 811.000       0.8427
 812.000       0.7306
 813.000       0.8083
 814.000       1.1816
 815.000       1.0341
 816.000       0.6813
 817.000       0.6616
 818.000       1.2421
 819.000       0.7028
 820.000       0.6181
 821.000       0.6872
 822.000       0.7065
 823.000       0.7087
 824.000       0.6854
 825.000       1.3685
 826.000       1.1431
 827.000       0.8301
 828.000       1.2567
 829.000       0.7598
 830.000       1.1781
 831.000       0.7416
 832.000       0.7103
 833.000       0.6944
 834.000       0.6592
 835.000       1.2267
 836.000       0.8417
 837.000       0.6272
 838.000       0.6712
 839.000       0.8092
 840.000       0.6854
 841.000       0.7199
 842.000       1.2351
 843.000       1.4358
 844.000       1.6954
 845.000       1.0121
 846.000       2.0177
 847.000       0.9169
 848.000       0.7179
 849.000       0.6844
 850.000       0.9225
 851.000       1.0269
 852.000       2.0684
 853.000       3.5572
