#Res        AtomicFlx
 301.000       0.7923
 302.000       0.8800
 303.000       0.7747
 304.000       0.6698
 305.000       0.8585
 306.000       1.1349
 307.000       1.0579
 308.000       0.6092
 309.000       1.4947
 310.000       1.5913
 311.000       0.7187
 312.000       0.6631
 313.000       1.1417
 314.000       0.8137
 315.000       0.7714
 316.000       1.4226
 317.000       0.8081
 318.000       0.6393
 319.000       0.6653
 320.000       1.3901
 321.000       1.1157
 322.000       0.8531
 323.000       0.7913
 324.000       0.6775
 325.000       1.2126
 326.000       1.0959
 327.000       0.8661
 328.000       0.7840
 329.000       1.3646
 330.000       1.3517
 331.000       0.8497
 332.000       0.9170
 333.000       1.4943
 334.000       1.4778
 335.000       1.3639
 336.000       1.5434
 337.000       1.6018
 338.000       1.9648
 339.000       1.1819
 340.000       1.2766
 341.000       0.8711
 342.000       0.9937
 343.000       1.0087
 344.000       0.7772
 345.000       0.5917
 346.000       0.6689
 347.000       1.1485
 348.000       0.5499
 349.000       0.6213
 350.000       0.5862
 351.000       0.8224
 352.000       0.5196
 353.000       0.5774
 354.000       0.6240
 355.000       0.5346
 356.000       0.6680
 357.000       0.5723
 358.000       0.6763
 359.000       0.5617
 360.000       0.5836
 361.000       0.8125
 362.000       0.9816
 363.000       0.7337
 364.000       0.5315
 365.000       0.5952
 366.000       0.7810
 367.000       0.5878
 368.000       0.5659
 369.000       0.6401
 370.000       0.6546
 371.000       0.6946
 372.000       1.1399
 373.000       0.6616
 374.000       0.7835
 375.000       0.6175
 376.000       0.5548
 377.000       0.7894
 378.000       0.6353
 379.000       0.9356
 380.000       0.5720
 381.000       0.6198
 382.000       1.4114
 383.000       0.6921
 384.000       0.5907
 385.000       1.2219
 386.000       1.6286
 387.000       0.6799
 388.000       0.6783
 389.000       0.7759
 390.000       1.7797
 391.000       2.9154
 392.000       4.5343
