#Res        AtomicFlx
 680.000       0.7241
 681.000       0.7765
 682.000       0.7108
 683.000       0.6366
 684.000       0.8597
 685.000       1.0124
 686.000       1.0018
 687.000       0.6140
 688.000       1.4415
 689.000       1.5358
 690.000       0.7756
 691.000       0.6999
 692.000       1.1419
 693.000       0.8132
 694.000       0.7910
 695.000       1.5213
 696.000       0.7567
 697.000       0.6262
 698.000       0.6448
 699.000       1.0499
 700.000       0.9485
 701.000       0.7906
 702.000       0.7138
 703.000       0.6522
 704.000       1.2326
 705.000       1.0137
 706.000       0.7273
 707.000       0.7666
 708.000       0.8445
 709.000       1.2948
 710.000       0.7847
 711.000       0.7976
 712.000       1.1838
 713.000       1.4430
 714.000       1.1880
 715.000       1.2304
 716.000       1.2396
 717.000       1.5715
 718.000       0.9748
 719.000       1.3488
 720.000       1.0384
 721.000       0.9336
 722.000       1.1076
 723.000       0.7955
 724.000       0.6328
 725.000       0.6832
 726.000       1.1094
 727.000       0.5991
 728.000       0.7447
 729.000       0.5933
 730.000       0.7955
 731.000       0.5624
 732.000       0.5829
 733.000       0.6181
 734.000       0.5587
 735.000       0.9179
 736.000       0.6209
 737.000       0.6171
 738.000       0.6459
 739.000       0.6690
 740.000       0.8297
 741.000       1.1098
 742.000       0.7116
 743.000       0.5753
 744.000       0.6387
 745.000       0.8183
 746.000       0.6338
 747.000       0.6007
 748.000       0.6703
 749.000       0.6774
 750.000       0.7178
 751.000       1.1882
 752.000       0.6814
 753.000       0.8094
 754.000       0.6374
 755.000       0.5697
 756.000       0.8105
 757.000       0.6628
 758.000       0.9689
 759.000       0.8038
 760.000       0.7683
 761.000       1.4226
 762.000       0.7361
 763.000       0.7756
 764.000       1.4851
 765.000       1.6797
 766.000       0.9542
 767.000       1.4304
 768.000       1.3045
 769.000       3.5129
 770.000       4.9753
 771.000       6.6650
