#Res        AtomicFlx
 585.000       1.1385
 586.000       0.9036
 587.000       1.1520
 588.000       1.0016
 589.000       0.8360
 590.000       1.5354
 591.000       1.1681
 592.000       0.8518
 593.000       0.9075
 594.000       1.3255
 595.000       1.5981
 596.000       1.0369
 597.000       1.7555
 598.000       1.3220
 599.000       1.8605
 600.000       0.9810
 601.000       0.7713
 602.000       0.7298
 603.000       0.7680
 604.000       1.0023
 605.000       1.2974
 606.000       0.6529
 607.000       0.9413
 608.000       0.8994
 609.000       0.7009
 610.000       0.8482
 611.000       0.8663
 612.000       0.8560
 613.000       1.0433
 614.000       0.8208
 615.000       1.0524
 616.000       0.9595
 617.000       0.7629
 618.000       1.0317
 619.000       1.5341
 620.000       1.4896
 621.000       0.8279
 622.000       0.8671
 623.000       0.9561
 624.000       1.1889
 625.000       0.8761
 626.000       0.9888
 627.000       1.4326
 628.000       1.0203
 629.000       0.9794
 630.000       1.3687
 631.000       1.0154
 632.000       1.3295
 633.000       1.6001
 634.000       1.8417
 635.000       1.5430
 636.000       1.4376
 637.000       0.9766
 638.000       0.9006
 639.000       0.9505
 640.000       1.7824
 641.000       0.9785
 642.000       0.8017
 643.000       1.1730
 644.000       0.8784
 645.000       0.8147
 646.000       0.8710
 647.000       1.3197
 648.000       0.9816
 649.000       1.0897
 650.000       1.0920
 651.000       1.3132
 652.000       1.2605
 653.000       1.8491
 654.000       1.1304
 655.000       0.9642
 656.000       1.5030
 657.000       1.4964
 658.000       0.8784
 659.000       0.9501
 660.000       1.1048
 661.000       1.2004
 662.000       0.9343
 663.000       1.0786
 664.000       1.4183
 665.000       1.0212
 666.000       1.1944
 667.000       1.2969
 668.000       1.5719
 669.000       1.3349
 670.000       1.6328
 671.000       2.6337
 672.000       4.5395
