#Res        AtomicFlx
 680.000       0.7747
 681.000       0.8703
 682.000       0.7732
 683.000       0.6873
 684.000       0.8936
 685.000       1.3997
 686.000       1.0488
 687.000       0.6323
 688.000       1.5699
 689.000       1.6812
 690.000       0.7381
 691.000       0.7129
 692.000       1.1807
 693.000       0.8501
 694.000       0.8220
 695.000       1.5938
 696.000       0.8550
 697.000       0.6856
 698.000       0.6926
 699.000       0.9937
 700.000       1.1935
 701.000       0.8718
 702.000       0.7663
 703.000       0.6841
 704.000       1.2407
 705.000       1.1180
 706.000       0.7669
 707.000       0.7886
 708.000       1.3583
 709.000       1.2094
 710.000       0.8348
 711.000       0.8880
 712.000       1.4875
 713.000       1.6132
 714.000       1.6328
 715.000       1.4915
 716.000       1.6321
 717.000       2.4173
 718.000       1.2969
 719.000       1.4504
 720.000       1.0850
 721.000       1.0353
 722.000       0.9809
 723.000       0.8118
 724.000       0.6415
 725.000       0.6898
 726.000       1.1446
 727.000       0.5914
 728.000       0.6842
 729.000       0.6173
 730.000       0.7786
 731.000       0.5506
 732.000       0.5908
 733.000       0.7608
 734.000       0.5763
 735.000       0.8623
 736.000       0.6150
 737.000       0.6212
 738.000       0.5903
 739.000       0.6584
 740.000       0.8321
 741.000       0.9937
 742.000       0.7089
 743.000       0.5821
 744.000       0.6488
 745.000       0.8112
 746.000       0.6517
 747.000       0.6345
 748.000       0.7004
 749.000       0.7077
 750.000       0.7718
 751.000       1.2463
 752.000       0.7215
 753.000       0.8451
 754.000       0.6580
 755.000       0.5906
 756.000       0.8170
 757.000       0.6961
 758.000       0.9397
 759.000       0.6679
 760.000       0.7690
 761.000       1.4334
 762.000       0.7636
 763.000       0.6939
 764.000       1.3458
 765.000       1.6714
 766.000       0.8984
 767.000       1.1321
 768.000       1.0992
 769.000       1.3932
 770.000       4.2409
 771.000       4.3729
