#Res        AtomicFlx
 854.000       1.3102
 855.000       1.0842
 856.000       0.9261
 857.000       1.1256
 858.000       1.6269
 859.000       0.8820
 860.000       0.9435
 861.000       0.7944
 862.000       1.0784
 863.000       0.8720
 864.000       0.7146
 865.000       0.6864
 866.000       0.7674
 867.000       0.8494
 868.000       0.6901
 869.000       0.9426
 870.000       1.0647
 871.000       0.8806
 872.000       0.9174
 873.000       1.6435
 874.000       1.4630
 875.000       0.9490
 876.000       1.3723
 877.000       0.9544
 878.000       1.0690
 879.000       1.5603
 880.000       1.2058
 881.000       0.8755
 882.000       0.8068
 883.000       0.8465
 884.000       0.7482
 885.000       0.6655
 886.000       0.6394
 887.000       0.6669
 888.000       0.7450
 889.000       0.6514
 890.000       0.6018
 891.000       0.6487
 892.000       0.6758
 893.000       0.6353
 894.000       0.8644
 895.000       0.9318
 896.000       0.7245
 897.000       0.6619
 898.000       0.7624
 899.000       1.0992
 900.000       0.7942
 901.000       0.7638
 902.000       1.2967
 903.000       1.0097
 904.000       0.7713
 905.000       0.9309
 906.000       1.3551
 907.000       1.0077
 908.000       0.9901
 909.000       1.8942
 910.000       1.7784
 911.000       1.5612
 912.000       1.7036
 913.000       1.2417
 914.000       1.2189
 915.000       1.2653
 916.000       0.7214
 917.000       0.6755
 918.000       0.6243
 919.000       0.6934
 920.000       0.7186
 921.000       0.6804
 922.000       1.0284
 923.000       1.1259
 924.000       0.9366
 925.000       1.1428
 926.000       2.1515
 927.000       1.8211
 928.000       1.7573
 929.000       2.3597
 930.000       2.0880
 931.000       1.4243
 932.000       1.4282
 933.000       1.8427
 934.000       1.3687
 935.000       1.3987
 936.000       1.8857
