#Res        AtomicFlx
 854.000       1.8605
 855.000       1.3932
 856.000       1.0014
 857.000       1.2263
 858.000       1.8292
 859.000       0.9422
 860.000       0.9937
 861.000       0.8187
 862.000       1.0716
 863.000       0.9309
 864.000       0.7298
 865.000       0.7142
 866.000       0.7851
 867.000       1.3835
 868.000       0.6923
 869.000       0.9763
 870.000       1.4886
 871.000       0.8970
 872.000       0.9558
 873.000       1.6335
 874.000       1.7509
 875.000       1.0868
 876.000       1.7805
 877.000       0.9789
 878.000       1.0218
 879.000       1.5415
 880.000       1.1303
 881.000       0.9141
 882.000       0.8563
 883.000       0.9002
 884.000       0.7808
 885.000       0.7033
 886.000       0.6809
 887.000       0.6949
 888.000       0.7957
 889.000       0.6753
 890.000       0.6156
 891.000       0.6721
 892.000       0.6961
 893.000       0.6659
 894.000       0.8840
 895.000       0.9120
 896.000       0.7691
 897.000       0.6821
 898.000       0.7847
 899.000       1.1718
 900.000       0.8210
 901.000       0.7765
 902.000       1.3607
 903.000       0.9995
 904.000       0.7731
 905.000       0.9114
 906.000       1.3335
 907.000       1.0550
 908.000       1.0464
 909.000       1.8604
 910.000       1.8351
 911.000       1.6152
 912.000       1.8122
 913.000       1.4939
 914.000       1.2360
 915.000       1.2330
 916.000       0.7084
 917.000       0.8415
 918.000       0.6556
 919.000       1.3298
 920.000       0.7519
 921.000       0.7065
 922.000       1.0706
 923.000       1.1473
 924.000       0.8841
 925.000       1.0433
 926.000       1.7072
 927.000       1.5608
 928.000       2.0628
 929.000       2.2300
 930.000       2.1715
 931.000       1.4505
 932.000       2.2129
 933.000       2.3559
 934.000       1.3748
 935.000       1.3414
 936.000       1.4224
