#Res        AtomicFlx
 680.000       0.7680
 681.000       0.8198
 682.000       0.7441
 683.000       0.6525
 684.000       0.8095
 685.000       0.9737
 686.000       1.0605
 687.000       0.5910
 688.000       1.4922
 689.000       1.5744
 690.000       0.6885
 691.000       0.6669
 692.000       1.1371
 693.000       0.8003
 694.000       0.7989
 695.000       1.4653
 696.000       0.7732
 697.000       0.6282
 698.000       0.6562
 699.000       1.0437
 700.000       0.9874
 701.000       0.8231
 702.000       0.7670
 703.000       0.7058
 704.000       1.2529
 705.000       1.0585
 706.000       0.7931
 707.000       0.8013
 708.000       0.8953
 709.000       1.2011
 710.000       0.8358
 711.000       0.8670
 712.000       1.2307
 713.000       1.5954
 714.000       1.6093
 715.000       1.3165
 716.000       1.2849
 717.000       1.9161
 718.000       1.0579
 719.000       1.3089
 720.000       1.1128
 721.000       1.0243
 722.000       1.1005
 723.000       0.8517
 724.000       0.7104
 725.000       0.7526
 726.000       1.2044
 727.000       0.6515
 728.000       0.7140
 729.000       0.6216
 730.000       0.8013
 731.000       0.5796
 732.000       0.6351
 733.000       0.5886
 734.000       0.5662
 735.000       0.7456
 736.000       0.6068
 737.000       0.6663
 738.000       0.5991
 739.000       0.6466
 740.000       0.8195
 741.000       0.9799
 742.000       0.6582
 743.000       0.5736
 744.000       0.6453
 745.000       0.8206
 746.000       0.6340
 747.000       0.6118
 748.000       0.6785
 749.000       0.6852
 750.000       0.7286
 751.000       1.2243
 752.000       0.6996
 753.000       0.8191
 754.000       0.6566
 755.000       0.5860
 756.000       0.8199
 757.000       0.6814
 758.000       0.9650
 759.000       0.6716
 760.000       0.7847
 761.000       1.3334
 762.000       0.7523
 763.000       0.7791
 764.000       1.3447
 765.000       1.9058
 766.000       0.9710
 767.000       1.7007
 768.000       1.6111
 769.000       2.8595
 770.000       4.5793
 771.000       5.4485
