#Res        AtomicFlx
 402.000       0.8185
 403.000       1.0955
 404.000       0.6964
 405.000       0.6153
 406.000       0.6203
 407.000       1.0346
 408.000       0.6154
 409.000       0.5959
 410.000       0.5213
 411.000       0.5696
 412.000       0.5908
 413.000       0.5857
 414.000       0.5820
 415.000       0.5679
 416.000       0.6616
 417.000       0.6715
 418.000       0.6396
 419.000       0.6986
 420.000       0.7276
 421.000       0.8146
 422.000       0.6508
 423.000       0.7236
 424.000       1.3146
 425.000       0.9675
 426.000       0.6956
 427.000       0.8031
 428.000       0.7186
 429.000       0.7483
 430.000       0.6668
 431.000       0.9555
 432.000       0.7907
 433.000       0.6794
 434.000       0.7518
 435.000       1.1428
 436.000       0.9559
 437.000       0.6676
 438.000       0.6318
 439.000       1.2916
 440.000       0.6464
 441.000       0.5852
 442.000       0.6685
 443.000       0.6755
 444.000       0.6318
 445.000       0.6775
 446.000       1.3555
 447.000       0.8491
 448.000       0.8399
 449.000       1.3571
 450.000       0.7498
 451.000       1.2104
 452.000       0.7271
 453.000       0.6861
 454.000       0.6667
 455.000       0.6202
 456.000       1.1722
 457.000       0.7639
 458.000       0.5797
 459.000       0.6019
 460.000       0.6997
 461.000       0.5791
 462.000       0.6052
 463.000       0.9961
 464.000       1.2472
 465.000       0.9932
 466.000       0.8687
 467.000       1.3678
 468.000       1.0841
 469.000       0.6953
 470.000       0.6602
 471.000       0.7751
 472.000       0.9090
 473.000       1.9651
 474.000       3.5126
