#Res        AtomicFlx
 964.000       0.9772
 965.000       0.7810
 966.000       1.0308
 967.000       0.8132
 968.000       0.7340
 969.000       1.5932
 970.000       1.0635
 971.000       0.7923
 972.000       0.8856
 973.000       1.3223
 974.000       1.5338
 975.000       1.0187
 976.000       1.2945
 977.000       1.2909
 978.000       1.7111
 979.000       1.0534
 980.000       0.8430
 981.000       0.7906
 982.000       0.8109
 983.000       1.0286
 984.000       1.3312
 985.000       0.6633
 986.000       0.8653
 987.000       0.7965
 988.000       0.6654
 989.000       0.7368
 990.000       0.7955
 991.000       0.6679
 992.000       0.9359
 993.000       0.7222
 994.000       0.8511
 995.000       0.9187
 996.000       0.7516
 997.000       0.9451
 998.000       1.2420
 999.000       1.0739
1000.000       0.7302
1001.000       0.7634
1002.000       0.8222
1003.000       1.0102
1004.000       0.8268
1005.000       0.9797
1006.000       1.3459
1007.000       1.0692
1008.000       1.0861
1009.000       1.5209
1010.000       1.1551
1011.000       1.7084
1012.000       1.8432
1013.000       1.7872
1014.000       1.3173
1015.000       1.0507
1016.000       0.9289
1017.000       0.8485
1018.000       0.9127
1019.000       1.2807
1020.000       0.8846
1021.000       0.7514
1022.000       1.1647
1023.000       0.8481
1024.000       0.7898
1025.000       0.8649
1026.000       1.4799
1027.000       0.9218
1028.000       1.0078
1029.000       1.0480
1030.000       1.2257
1031.000       1.3396
1032.000       2.0547
1033.000       1.2224
1034.000       0.9683
1035.000       1.5391
1036.000       1.5017
1037.000       0.8428
1038.000       0.8901
1039.000       1.0232
1040.000       1.1245
1041.000       0.8152
1042.000       0.9470
1043.000       1.2870
1044.000       0.8251
1045.000       0.9901
1046.000       1.0662
1047.000       1.3074
1048.000       1.0875
1049.000       1.3681
1050.000       2.4596
1051.000       3.8055
