#Res        AtomicFlx
 781.000       0.8535
 782.000       1.1006
 783.000       0.7208
 784.000       0.6676
 785.000       0.6475
 786.000       1.2092
 787.000       0.8945
 788.000       0.6631
 789.000       0.5627
 790.000       0.6339
 791.000       0.6480
 792.000       0.6155
 793.000       0.6078
 794.000       0.5929
 795.000       0.7117
 796.000       1.0328
 797.000       0.6343
 798.000       0.6590
 799.000       0.6960
 800.000       0.7833
 801.000       0.6420
 802.000       0.7059
 803.000       1.3103
 804.000       0.9996
 805.000       0.7102
 806.000       0.8322
 807.000       0.7410
 808.000       0.7875
 809.000       0.7011
 810.000       1.0997
 811.000       0.8133
 812.000       0.7244
 813.000       0.8316
 814.000       1.1750
 815.000       1.0242
 816.000       0.6766
 817.000       0.6599
 818.000       1.6988
 819.000       0.8503
 820.000       0.6231
 821.000       0.6965
 822.000       0.6617
 823.000       0.6407
 824.000       0.6707
 825.000       1.3483
 826.000       0.8224
 827.000       0.8080
 828.000       1.2824
 829.000       0.7549
 830.000       1.2118
 831.000       0.7667
 832.000       0.7360
 833.000       0.6996
 834.000       0.6582
 835.000       1.2200
 836.000       0.7401
 837.000       0.6139
 838.000       0.6411
 839.000       0.7217
 840.000       0.6387
 841.000       0.6658
 842.000       1.0483
 843.000       0.9501
 844.000       0.9392
 845.000       0.9132
 846.000       1.3519
 847.000       1.0529
 848.000       0.6857
 849.000       0.8038
 850.000       0.7202
 851.000       0.9105
 852.000       1.9856
 853.000       3.7644
