#Res        AtomicFlx
 402.000       0.8634
 403.000       1.0691
 404.000       0.7076
 405.000       0.6501
 406.000       0.6089
 407.000       1.1265
 408.000       0.8936
 409.000       0.5982
 410.000       0.5234
 411.000       0.5663
 412.000       0.5953
 413.000       0.5897
 414.000       0.5760
 415.000       0.5467
 416.000       0.6458
 417.000       0.8893
 418.000       0.5930
 419.000       0.6172
 420.000       0.6676
 421.000       0.7364
 422.000       0.6121
 423.000       0.6988
 424.000       1.2881
 425.000       0.9399
 426.000       0.6648
 427.000       0.7276
 428.000       0.6966
 429.000       0.7748
 430.000       0.6605
 431.000       0.9717
 432.000       0.7975
 433.000       0.6944
 434.000       0.7692
 435.000       1.1682
 436.000       0.9591
 437.000       0.6320
 438.000       0.5968
 439.000       1.6125
 440.000       0.5948
 441.000       0.5678
 442.000       0.6541
 443.000       0.6308
 444.000       0.6975
 445.000       0.6533
 446.000       1.3840
 447.000       0.9739
 448.000       0.8432
 449.000       1.3578
 450.000       0.7296
 451.000       1.0737
 452.000       0.6792
 453.000       0.6632
 454.000       0.6677
 455.000       0.6226
 456.000       1.1904
 457.000       0.8064
 458.000       0.5658
 459.000       0.5765
 460.000       0.6878
 461.000       0.5422
 462.000       0.5778
 463.000       1.0184
 464.000       0.8322
 465.000       1.0883
 466.000       1.1514
 467.000       1.9800
 468.000       0.7765
 469.000       0.6397
 470.000       0.6415
 471.000       0.8216
 472.000       1.1088
 473.000       1.9191
 474.000       3.5531
