#Res        AtomicFlx
 301.000       0.7354
 302.000       0.7813
 303.000       0.7414
 304.000       0.6587
 305.000       0.8391
 306.000       1.2732
 307.000       0.9816
 308.000       0.6061
 309.000       1.4629
 310.000       1.6189
 311.000       0.6965
 312.000       0.6776
 313.000       1.1436
 314.000       0.7932
 315.000       0.7352
 316.000       1.3886
 317.000       0.7403
 318.000       0.5947
 319.000       0.6024
 320.000       0.9435
 321.000       0.8855
 322.000       0.7682
 323.000       0.7158
 324.000       0.6356
 325.000       1.1392
 326.000       1.0745
 327.000       0.7095
 328.000       0.6731
 329.000       0.8530
 330.000       1.2550
 331.000       0.7789
 332.000       0.7944
 333.000       1.2527
 334.000       1.4631
 335.000       1.2291
 336.000       1.1749
 337.000       1.2280
 338.000       1.7084
 339.000       0.9366
 340.000       1.4292
 341.000       0.9149
 342.000       0.9337
 343.000       1.0850
 344.000       0.7850
 345.000       0.6025
 346.000       0.6557
 347.000       1.1263
 348.000       0.5656
 349.000       0.6487
 350.000       0.5584
 351.000       0.7710
 352.000       0.5282
 353.000       0.5763
 354.000       0.5581
 355.000       0.5586
 356.000       0.7076
 357.000       0.6008
 358.000       0.6623
 359.000       0.6054
 360.000       0.6558
 361.000       0.8301
 362.000       1.0554
 363.000       0.6970
 364.000       0.5866
 365.000       0.6422
 366.000       0.8140
 367.000       0.6548
 368.000       0.6271
 369.000       0.6957
 370.000       0.6982
 371.000       0.7504
 372.000       1.2044
 373.000       0.6977
 374.000       0.8103
 375.000       0.6501
 376.000       0.5924
 377.000       0.8225
 378.000       0.6841
 379.000       0.9567
 380.000       0.8229
 381.000       0.7629
 382.000       1.3711
 383.000       0.7624
 384.000       0.7727
 385.000       1.4037
 386.000       1.8852
 387.000       0.8864
 388.000       1.5057
 389.000       1.4126
 390.000       2.8030
 391.000       4.4891
 392.000       5.0817
