#Res        AtomicFlx
 854.000       1.3781
 855.000       1.6069
 856.000       0.9603
 857.000       1.0976
 858.000       1.7842
 859.000       0.8796
 860.000       0.8963
 861.000       0.7731
 862.000       1.0769
 863.000       0.9555
 864.000       0.7650
 865.000       0.7553
 866.000       0.7983
 867.000       1.1248
 868.000       0.7110
 869.000       0.9674
 870.000       1.4612
 871.000       0.9980
 872.000       0.9033
 873.000       1.7150
 874.000       1.5701
 875.000       0.8981
 876.000       1.0846
 877.000       0.8784
 878.000       0.9965
 879.000       1.4058
 880.000       0.9597
 881.000       0.8462
 882.000       0.8096
 883.000       0.8626
 884.000       0.7323
 885.000       0.6456
 886.000       0.6625
 887.000       0.6780
 888.000       0.6922
 889.000       0.6571
 890.000       0.6118
 891.000       0.6322
 892.000       0.6632
 893.000       0.6509
 894.000       0.8489
 895.000       0.8166
 896.000       0.7154
 897.000       0.6495
 898.000       0.6980
 899.000       1.0996
 900.000       0.7951
 901.000       0.7138
 902.000       1.2282
 903.000       0.9170
 904.000       0.7412
 905.000       0.9043
 906.000       1.3417
 907.000       0.9955
 908.000       0.9762
 909.000       1.8242
 910.000       1.8026
 911.000       1.5462
 912.000       1.7250
 913.000       1.2274
 914.000       1.2109
 915.000       1.1908
 916.000       0.6733
 917.000       0.6920
 918.000       0.6631
 919.000       0.7824
 920.000       0.7567
 921.000       0.7094
 922.000       1.1301
 923.000       1.2312
 924.000       0.9999
 925.000       1.2337
 926.000       2.1195
 927.000       1.8547
 928.000       2.0942
 929.000       2.5473
 930.000       2.5625
 931.000       1.7721
 932.000       1.8616
 933.000       2.4694
 934.000       1.8349
 935.000       1.5447
 936.000       1.8947
