#Res        AtomicFlx
 475.000       1.3272
 476.000       1.4382
 477.000       0.9155
 478.000       1.1023
 479.000       1.5469
 480.000       0.8500
 481.000       0.8990
 482.000       0.7754
 483.000       0.9642
 484.000       0.9690
 485.000       0.7396
 486.000       0.7268
 487.000       0.7659
 488.000       1.3912
 489.000       0.6733
 490.000       0.9698
 491.000       1.4561
 492.000       0.8187
 493.000       0.8477
 494.000       1.4992
 495.000       1.3713
 496.000       0.8509
 497.000       1.1443
 498.000       1.0206
 499.000       0.8823
 500.000       1.4058
 501.000       0.9651
 502.000       0.8536
 503.000       0.8251
 504.000       0.8518
 505.000       0.7473
 506.000       0.6628
 507.000       0.6589
 508.000       0.6809
 509.000       0.7324
 510.000       0.6757
 511.000       0.6265
 512.000       0.6605
 513.000       0.7092
 514.000       0.6717
 515.000       0.8857
 516.000       0.8298
 517.000       0.7538
 518.000       0.6996
 519.000       0.7773
 520.000       1.1243
 521.000       0.8184
 522.000       0.7821
 523.000       1.2631
 524.000       1.0163
 525.000       0.8023
 526.000       0.9180
 527.000       1.3611
 528.000       1.0042
 529.000       0.9640
 530.000       1.6329
 531.000       1.7354
 532.000       1.5486
 533.000       1.6854
 534.000       1.2161
 535.000       1.1517
 536.000       1.4280
 537.000       0.7208
 538.000       0.7481
 539.000       0.7176
 540.000       1.0692
 541.000       0.8050
 542.000       0.7668
 543.000       1.2107
 544.000       1.2083
 545.000       1.0003
 546.000       1.2275
 547.000       2.3675
 548.000       1.9714
 549.000       1.6480
 550.000       2.0508
 551.000       1.4839
 552.000       1.2113
 553.000       1.6000
 554.000       1.6731
 555.000       1.3177
 556.000       1.5739
 557.000       2.0382
