#Res        AtomicFlx
 585.000       1.1028
 586.000       1.0338
 587.000       1.3530
 588.000       1.0017
 589.000       0.8926
 590.000       1.5097
 591.000       1.2391
 592.000       0.9358
 593.000       0.9645
 594.000       1.4684
 595.000       1.7182
 596.000       1.1797
 597.000       1.6686
 598.000       1.3905
 599.000       1.9574
 600.000       1.1663
 601.000       0.8940
 602.000       0.8446
 603.000       0.8786
 604.000       1.1005
 605.000       1.4002
 606.000       0.7492
 607.000       1.0764
 608.000       0.9315
 609.000       0.7943
 610.000       0.8539
 611.000       0.9151
 612.000       0.8206
 613.000       1.1012
 614.000       0.8330
 615.000       0.9363
 616.000       1.0415
 617.000       0.8954
 618.000       1.0299
 619.000       1.2580
 620.000       1.1213
 621.000       0.8195
 622.000       0.8001
 623.000       0.8794
 624.000       1.2711
 625.000       0.7826
 626.000       0.9565
 627.000       1.3161
 628.000       0.8384
 629.000       0.9177
 630.000       1.3213
 631.000       0.9408
 632.000       1.2794
 633.000       1.5623
 634.000       1.5010
 635.000       1.2676
 636.000       1.1645
 637.000       0.9379
 638.000       0.8262
 639.000       0.8901
 640.000       1.5267
 641.000       0.8572
 642.000       0.7564
 643.000       1.1687
 644.000       0.8215
 645.000       0.8287
 646.000       0.9676
 647.000       1.5101
 648.000       1.0661
 649.000       1.1301
 650.000       1.1042
 651.000       1.2159
 652.000       1.2901
 653.000       1.9486
 654.000       1.2254
 655.000       1.0266
 656.000       1.5851
 657.000       1.5468
 658.000       0.9071
 659.000       0.9456
 660.000       1.0958
 661.000       1.1750
 662.000       0.8506
 663.000       0.9816
 664.000       1.3342
 665.000       0.8650
 666.000       0.9862
 667.000       1.0990
 668.000       1.3842
 669.000       1.0467
 670.000       1.3981
 671.000       2.5160
 672.000       4.8039
