#Res        AtomicFlx
 585.000       0.9612
 586.000       0.9333
 587.000       1.2789
 588.000       0.8953
 589.000       0.8112
 590.000       1.5113
 591.000       1.1988
 592.000       0.8531
 593.000       0.8936
 594.000       1.3270
 595.000       1.6161
 596.000       1.0957
 597.000       1.7324
 598.000       1.3518
 599.000       1.8347
 600.000       0.9991
 601.000       0.7985
 602.000       0.7542
 603.000       0.7844
 604.000       1.0263
 605.000       1.3252
 606.000       0.6578
 607.000       1.0546
 608.000       0.8248
 609.000       0.7114
 610.000       0.7362
 611.000       0.8107
 612.000       0.7014
 613.000       0.9129
 614.000       0.6790
 615.000       0.8412
 616.000       0.8330
 617.000       0.7093
 618.000       0.8951
 619.000       1.2241
 620.000       0.9486
 621.000       0.6675
 622.000       0.6748
 623.000       0.7210
 624.000       0.9642
 625.000       0.7314
 626.000       0.8278
 627.000       1.3776
 628.000       0.9924
 629.000       0.8627
 630.000       1.2348
 631.000       0.9108
 632.000       1.2810
 633.000       1.4525
 634.000       1.6511
 635.000       1.0929
 636.000       0.9104
 637.000       0.7981
 638.000       0.7829
 639.000       0.8652
 640.000       1.1911
 641.000       0.7914
 642.000       0.7229
 643.000       1.1076
 644.000       0.7699
 645.000       0.7465
 646.000       0.8657
 647.000       1.4163
 648.000       0.8395
 649.000       0.9868
 650.000       0.9974
 651.000       1.1826
 652.000       1.2784
 653.000       1.9483
 654.000       1.1893
 655.000       0.9558
 656.000       1.5327
 657.000       1.5648
 658.000       0.8590
 659.000       0.9114
 660.000       1.0678
 661.000       1.1512
 662.000       0.8381
 663.000       0.9830
 664.000       1.3288
 665.000       0.8743
 666.000       1.0097
 667.000       1.1382
 668.000       1.4242
 669.000       1.1855
 670.000       1.3985
 671.000       2.5654
 672.000       4.5600
