#Res        AtomicFlx
 475.000       1.2023
 476.000       1.3486
 477.000       0.9289
 478.000       1.0983
 479.000       1.5411
 480.000       0.8979
 481.000       0.9847
 482.000       0.8752
 483.000       1.1389
 484.000       1.0589
 485.000       0.8468
 486.000       0.8073
 487.000       0.8968
 488.000       1.1917
 489.000       0.8285
 490.000       0.9461
 491.000       1.7891
 492.000       1.1214
 493.000       1.0472
 494.000       1.6886
 495.000       1.6937
 496.000       1.0557
 497.000       1.5475
 498.000       1.0761
 499.000       1.3332
 500.000       1.7205
 501.000       1.3980
 502.000       1.1923
 503.000       1.2252
 504.000       1.1628
 505.000       0.7940
 506.000       0.7231
 507.000       0.7593
 508.000       0.7339
 509.000       0.7905
 510.000       0.7851
 511.000       0.7402
 512.000       0.7782
 513.000       0.8495
 514.000       0.8073
 515.000       0.9997
 516.000       0.9762
 517.000       0.9063
 518.000       0.8258
 519.000       0.9039
 520.000       1.2325
 521.000       0.9629
 522.000       0.8843
 523.000       1.4011
 524.000       1.1347
 525.000       0.9102
 526.000       1.0590
 527.000       1.5300
 528.000       1.1429
 529.000       1.0946
 530.000       1.9778
 531.000       1.8983
 532.000       1.6305
 533.000       1.7828
 534.000       1.2908
 535.000       1.2911
 536.000       1.2587
 537.000       0.7754
 538.000       0.9954
 539.000       0.7764
 540.000       1.0381
 541.000       0.8476
 542.000       0.8171
 543.000       1.3253
 544.000       1.2739
 545.000       1.0561
 546.000       1.2436
 547.000       2.1189
 548.000       1.9883
 549.000       1.8543
 550.000       2.1748
 551.000       1.7512
 552.000       1.5183
 553.000       1.9400
 554.000       1.9348
 555.000       1.4795
 556.000       1.5159
 557.000       1.7103
