#Res        AtomicFlx
 781.000       0.8434
 782.000       1.0725
 783.000       0.6689
 784.000       0.6228
 785.000       0.6246
 786.000       1.1319
 787.000       0.6711
 788.000       0.5872
 789.000       0.5192
 790.000       0.5803
 791.000       0.6034
 792.000       0.5758
 793.000       0.5731
 794.000       0.5609
 795.000       0.6751
 796.000       1.2248
 797.000       0.6556
 798.000       0.6870
 799.000       0.7358
 800.000       0.8319
 801.000       0.6575
 802.000       0.7325
 803.000       1.3596
 804.000       1.0292
 805.000       0.7060
 806.000       0.8436
 807.000       0.7669
 808.000       0.7808
 809.000       0.7204
 810.000       1.0784
 811.000       0.8539
 812.000       0.7505
 813.000       0.8792
 814.000       1.2060
 815.000       1.1412
 816.000       0.7836
 817.000       0.7413
 818.000       1.9283
 819.000       0.8462
 820.000       0.7171
 821.000       0.7845
 822.000       0.8182
 823.000       0.7949
 824.000       0.8057
 825.000       1.4343
 826.000       1.1044
 827.000       0.9433
 828.000       1.3684
 829.000       0.8922
 830.000       1.2133
 831.000       0.8478
 832.000       0.7882
 833.000       0.7938
 834.000       0.7439
 835.000       1.3115
 836.000       0.9394
 837.000       0.7036
 838.000       0.7405
 839.000       0.8504
 840.000       0.7618
 841.000       0.7573
 842.000       1.0619
 843.000       1.2674
 844.000       1.2892
 845.000       1.0215
 846.000       1.3849
 847.000       1.1778
 848.000       0.7977
 849.000       0.8705
 850.000       0.8793
 851.000       1.0317
 852.000       2.1062
 853.000       3.6235
