#Res        AtomicFlx
 585.000       0.9960
 586.000       0.8717
 587.000       1.1937
 588.000       0.9362
 589.000       0.8122
 590.000       1.6330
 591.000       1.1581
 592.000       0.7944
 593.000       0.8588
 594.000       1.3202
 595.000       1.4654
 596.000       0.9809
 597.000       1.0852
 598.000       1.2485
 599.000       1.6348
 600.000       0.9844
 601.000       0.8195
 602.000       0.7699
 603.000       0.7944
 604.000       0.9723
 605.000       1.0815
 606.000       0.6547
 607.000       1.0277
 608.000       0.7424
 609.000       0.6428
 610.000       0.7179
 611.000       0.7297
 612.000       0.6957
 613.000       0.9222
 614.000       0.6670
 615.000       0.8394
 616.000       0.8932
 617.000       0.7093
 618.000       0.9033
 619.000       1.3616
 620.000       1.0812
 621.000       0.7023
 622.000       0.7233
 623.000       0.7627
 624.000       1.1371
 625.000       0.8081
 626.000       0.9063
 627.000       1.1036
 628.000       0.8629
 629.000       0.9561
 630.000       1.2054
 631.000       0.8379
 632.000       1.3647
 633.000       1.4691
 634.000       1.4573
 635.000       0.9738
 636.000       0.7921
 637.000       0.7554
 638.000       0.7259
 639.000       0.8282
 640.000       1.4335
 641.000       0.9174
 642.000       0.7171
 643.000       1.1269
 644.000       0.7859
 645.000       0.7567
 646.000       0.7997
 647.000       1.3949
 648.000       0.8974
 649.000       1.0472
 650.000       0.9629
 651.000       1.0191
 652.000       1.1170
 653.000       1.7207
 654.000       1.0846
 655.000       0.9161
 656.000       1.4807
 657.000       1.4760
 658.000       0.8206
 659.000       0.9379
 660.000       1.0158
 661.000       1.0996
 662.000       0.7879
 663.000       0.9207
 664.000       1.2729
 665.000       0.8071
 666.000       0.9433
 667.000       1.0405
 668.000       1.3364
 669.000       1.0746
 670.000       1.3809
 671.000       2.6308
 672.000       3.9698
