#Res        AtomicFlx
 301.000       0.7141
 302.000       0.7382
 303.000       0.7054
 304.000       0.6367
 305.000       0.7742
 306.000       1.6225
 307.000       1.2340
 308.000       0.6049
 309.000       1.3386
 310.000       1.2132
 311.000       0.6969
 312.000       0.6645
 313.000       1.1547
 314.000       0.7856
 315.000       0.7236
 316.000       1.4949
 317.000       0.7685
 318.000       0.6329
 319.000       0.6236
 320.000       1.0843
 321.000       0.9682
 322.000       0.7865
 323.000       0.7208
 324.000       0.6180
 325.000       1.2174
 326.000       1.0950
 327.000       0.6922
 328.000       0.6647
 329.000       0.9168
 330.000       1.2236
 331.000       0.7485
 332.000       0.7638
 333.000       1.1082
 334.000       1.4534
 335.000       1.3792
 336.000       1.1916
 337.000       1.2003
 338.000       1.5559
 339.000       0.9262
 340.000       1.2913
 341.000       0.8624
 342.000       0.9590
 343.000       1.3925
 344.000       0.8197
 345.000       0.6079
 346.000       0.6589
 347.000       1.1014
 348.000       0.5562
 349.000       0.6693
 350.000       0.5603
 351.000       0.8002
 352.000       0.5208
 353.000       0.5426
 354.000       0.7297
 355.000       0.5279
 356.000       0.9094
 357.000       0.5831
 358.000       0.6895
 359.000       0.5991
 360.000       0.6240
 361.000       0.7870
 362.000       1.0190
 363.000       0.6607
 364.000       0.5474
 365.000       0.6079
 366.000       0.8048
 367.000       0.6228
 368.000       0.5877
 369.000       0.6559
 370.000       0.6748
 371.000       0.7244
 372.000       1.2056
 373.000       0.6646
 374.000       0.7565
 375.000       0.6074
 376.000       0.5479
 377.000       0.7818
 378.000       0.6409
 379.000       0.9746
 380.000       0.6053
 381.000       0.7055
 382.000       1.2138
 383.000       0.7534
 384.000       0.7605
 385.000       1.2043
 386.000       1.7759
 387.000       0.9667
 388.000       1.2898
 389.000       1.3702
 390.000       2.0754
 391.000       5.4296
 392.000       4.5541
