#Res        AtomicFlx
 680.000       0.7821
 681.000       0.8370
 682.000       0.7579
 683.000       0.6635
 684.000       0.8307
 685.000       0.9712
 686.000       1.0390
 687.000       0.5880
 688.000       1.4798
 689.000       1.6569
 690.000       0.7315
 691.000       0.6815
 692.000       1.1537
 693.000       0.8172
 694.000       0.8328
 695.000       1.5299
 696.000       0.7108
 697.000       0.6082
 698.000       0.6363
 699.000       0.9856
 700.000       1.0044
 701.000       0.8193
 702.000       0.7589
 703.000       0.6620
 704.000       1.1580
 705.000       1.0525
 706.000       0.7482
 707.000       0.7011
 708.000       0.8843
 709.000       1.3090
 710.000       0.8314
 711.000       0.8594
 712.000       1.2341
 713.000       1.5281
 714.000       1.4088
 715.000       1.2208
 716.000       1.2061
 717.000       1.6572
 718.000       1.0251
 719.000       0.9678
 720.000       0.9521
 721.000       0.8720
 722.000       0.9387
 723.000       0.7882
 724.000       0.6337
 725.000       0.6529
 726.000       1.0867
 727.000       0.5783
 728.000       0.6476
 729.000       0.5818
 730.000       0.8048
 731.000       0.5308
 732.000       0.6000
 733.000       0.7240
 734.000       0.5377
 735.000       0.7519
 736.000       0.5737
 737.000       0.6041
 738.000       0.5451
 739.000       0.5851
 740.000       0.8071
 741.000       1.0481
 742.000       0.7307
 743.000       0.5294
 744.000       0.6041
 745.000       0.7781
 746.000       0.6060
 747.000       0.5826
 748.000       0.6446
 749.000       0.6533
 750.000       0.7088
 751.000       1.2075
 752.000       0.6667
 753.000       0.8046
 754.000       0.6353
 755.000       0.5733
 756.000       0.8489
 757.000       0.6758
 758.000       1.0554
 759.000       0.7811
 760.000       0.7259
 761.000       1.2744
 762.000       0.6361
 763.000       0.6039
 764.000       1.4254
 765.000       1.4329
 766.000       0.7153
 767.000       0.7537
 768.000       1.0347
 769.000       2.8049
 770.000       2.7074
 771.000       3.7527
