#Frame   AVERAGE_00016 AVERAGE_00016[SD]
       1        1.0009            0.1089
       2        0.8820            0.0806
       3        1.1698            0.1066
       4        0.9177            0.0607
       5        0.7963            0.0516
       6        1.5783            0.1090
       7        1.1457            0.0531
       8        0.8280            0.0524
       9        0.8993            0.0501
      10        1.3540            0.0567
      11        1.5849            0.0754
      12        1.0670            0.0767
      13        1.5945            0.2611
      14        1.3465            0.1008
      15        1.8347            0.1370
      16        1.0462            0.0742
      17        0.8329            0.0422
      18        0.7807            0.0363
      19        0.8049            0.0358
      20        1.0300            0.0395
      21        1.2960            0.0864
      22        0.6611            0.0348
      23        0.9737            0.0785
      24        0.8230            0.0584
      25        0.6848            0.0480
      26        0.7513            0.0615
      27        0.8214            0.0528
      28        0.7176            0.0716
      29        0.9516            0.0725
      30        0.7135            0.0692
      31        0.8939            0.0688
      32        0.9039            0.0642
      33        0.7431            0.0616
      34        0.9409            0.0542
      35        1.3036            0.1209
      36        1.0782            0.1949
      37        0.7396            0.0629
      38        0.7544            0.0673
      39        0.8249            0.0892
      40        1.1191            0.1198
      41        0.8031            0.0767
      42        0.9226            0.0801
      43        1.4211            0.2147
      44        0.9539            0.0804
      45        0.9299            0.0910
      46        1.3137            0.1381
      47        0.9568            0.0949
      48        1.3066            0.1989
      49        1.5146            0.1570
      50        1.6369            0.1403
      51        1.1673            0.1903
      52        0.9889            0.2084
      53        0.8467            0.0852
      54        0.7922            0.0652
      55        0.8709            0.0503
      56        1.5611            0.2426
      57        0.8682            0.0740
      58        0.7369            0.0495
      59        1.1344            0.0520
      60        0.8110            0.0729
      61        0.7749            0.0627
      62        0.8504            0.0834
      63        1.4377            0.0739
      64        0.9235            0.0906
      65        1.0555            0.0729
      66        1.0417            0.0737
      67        1.2043            0.1161
      68        1.2673            0.0890
      69        1.9153            0.1130
      70        1.1777            0.0654
      71        0.9618            0.0571
      72        1.5276            0.0540
      73        1.5143            0.0393
      74        0.8508            0.0492
      75        0.9156            0.0543
      76        1.0575            0.0552
      77        1.1409            0.0428
      78        0.8333            0.0525
      79        0.9800            0.0566
      80        1.3285            0.0526
      81        0.8654            0.0663
      82        1.0126            0.0753
      83        1.1261            0.0761
      84        1.4051            0.0769
      85        1.1528            0.0849
      86        1.4227            0.0806
      87        2.5284            0.1413
      88        4.1406            0.5161
