#Res        AtomicFlx
 781.000       0.8452
 782.000       1.1202
 783.000       0.6900
 784.000       0.6219
 785.000       0.6262
 786.000       1.1343
 787.000       0.6121
 788.000       0.6060
 789.000       0.5313
 790.000       0.5856
 791.000       0.5963
 792.000       0.5703
 793.000       0.5633
 794.000       0.5610
 795.000       0.6751
 796.000       0.7230
 797.000       0.6339
 798.000       0.6658
 799.000       0.7212
 800.000       0.7844
 801.000       0.6500
 802.000       0.7461
 803.000       1.3138
 804.000       1.0137
 805.000       0.6555
 806.000       0.8048
 807.000       0.7362
 808.000       0.7671
 809.000       0.6720
 810.000       1.0018
 811.000       0.8028
 812.000       0.6851
 813.000       0.7519
 814.000       1.1834
 815.000       1.0662
 816.000       0.6724
 817.000       0.6662
 818.000       1.8272
 819.000       0.7001
 820.000       0.6614
 821.000       0.7325
 822.000       0.7495
 823.000       0.7611
 824.000       0.7911
 825.000       1.4713
 826.000       1.1140
 827.000       0.9950
 828.000       1.4664
 829.000       0.8842
 830.000       1.2967
 831.000       0.8238
 832.000       0.7519
 833.000       0.7358
 834.000       0.6864
 835.000       1.2949
 836.000       0.8726
 837.000       0.6323
 838.000       0.6644
 839.000       0.7877
 840.000       0.6539
 841.000       0.6415
 842.000       1.0154
 843.000       0.8943
 844.000       1.0505
 845.000       0.7613
 846.000       1.4489
 847.000       0.8272
 848.000       0.6650
 849.000       0.7072
 850.000       0.7364
 851.000       1.1330
 852.000       2.0477
 853.000       3.2927
