#Res        AtomicFlx
 598.000       4.2249
 599.000       4.8875
 600.000       5.3075
 601.000       4.5480
 602.000       2.5960
 603.000       2.0815
 604.000       2.0728
 605.000       2.2228
 606.000       2.8679
 607.000       1.6896
 608.000       2.1718
 609.000       2.6772
 610.000       1.7578
 611.000       1.6549
 612.000       2.1310
 613.000       2.4967
 614.000       1.6475
 615.000       2.0367
 616.000       2.1390
 617.000       2.1998
 618.000       2.7709
 619.000       2.4836
 620.000       2.0998
 621.000       1.9966
 622.000       2.3473
 623.000       1.7752
 624.000       1.5952
 625.000       1.6499
 626.000       1.6222
 627.000       1.3642
 628.000       1.3496
 629.000       1.4634
 630.000       1.3572
 631.000       1.2849
 632.000       1.4873
 633.000       2.1776
 634.000       1.7696
 635.000       1.6582
 636.000       2.0236
 637.000       1.8607
 638.000       2.0413
 639.000       1.9490
 640.000       2.1067
 641.000       2.3371
 642.000       2.2881
 643.000       2.3436
 644.000       2.5294
 645.000       2.7289
 646.000       2.6733
 647.000       2.7914
 648.000       3.1059
 649.000       3.2710
 650.000       3.1025
 651.000       3.4596
 652.000       3.0920
 653.000       3.0032
 654.000       2.9995
 655.000       2.5206
 656.000       2.5697
 657.000       2.4589
 658.000       2.8303
 659.000       2.5655
 660.000       2.2275
 661.000       2.3964
 662.000       2.5958
 663.000       2.1894
 664.000       2.1313
 665.000       2.8001
 666.000       2.9145
 667.000       2.4063
 668.000       2.2554
 669.000       2.0779
 670.000       1.9680
 671.000       2.3129
 672.000       1.9013
 673.000       1.8976
 674.000       2.0938
 675.000       2.5861
 676.000       2.9491
 677.000       2.9482
 678.000       3.3496
 679.000       2.9603
 680.000       2.9334
