#Res        AtomicFlx
 503.000       2.2535
 504.000       1.8611
 505.000       2.4891
 506.000       2.1749
 507.000       3.6483
 508.000       2.1976
 509.000       2.6741
 510.000       3.1010
 511.000       2.1568
 512.000       2.4785
 513.000       2.8590
 514.000       3.0757
 515.000       2.4162
 516.000       2.0665
 517.000       1.8910
 518.000       2.0047
 519.000       1.8877
 520.000       2.1720
 521.000       1.5801
 522.000       1.7267
 523.000       1.7013
 524.000       1.7088
 525.000       1.4214
 526.000       1.4694
 527.000       1.7797
 528.000       1.3175
 529.000       1.2961
 530.000       1.3797
 531.000       1.5192
 532.000       1.3705
 533.000       1.3383
 534.000       1.6032
 535.000       1.6920
 536.000       1.5386
 537.000       1.6971
 538.000       1.9746
 539.000       1.8013
 540.000       1.9220
 541.000       1.9897
 542.000       1.9492
 543.000       1.9025
 544.000       1.9826
 545.000       2.2142
 546.000       3.2270
 547.000       2.6744
 548.000       2.7146
 549.000       2.5417
 550.000       2.3555
 551.000       2.0724
 552.000       2.3350
 553.000       2.1742
 554.000       2.2741
 555.000       2.0227
 556.000       1.8814
 557.000       2.0612
 558.000       2.0510
 559.000       1.7948
 560.000       1.6356
 561.000       1.9351
 562.000       2.2122
 563.000       1.7166
 564.000       1.8380
 565.000       2.2648
 566.000       3.0784
 567.000       4.4521
 568.000       2.3449
 569.000       2.3693
 570.000       3.2907
 571.000       2.5772
 572.000       1.9793
 573.000       2.1230
 574.000       2.1056
 575.000       2.2658
 576.000       2.1349
 577.000       2.3450
 578.000       2.5249
 579.000       2.2602
 580.000       2.4856
 581.000       2.6510
 582.000       3.4058
 583.000       2.9840
 584.000       3.0064
 585.000       3.1526
 586.000       3.3183
 587.000       4.0670
 588.000       4.4220
 589.000       4.4870
 590.000       5.9778
