#Res        AtomicFlx
 305.000       2.1878
 306.000       2.4313
 307.000       2.2362
 308.000       2.1166
 309.000       1.9892
 310.000       2.6018
 311.000       2.8256
 312.000       1.9559
 313.000       1.9904
 314.000       2.3460
 315.000       2.0924
 316.000       2.0659
 317.000       2.1402
 318.000       2.1039
 319.000       2.3302
 320.000       2.0634
 321.000       1.9820
 322.000       1.9147
 323.000       2.0432
 324.000       2.2826
 325.000       1.7920
 326.000       1.9940
 327.000       1.7618
 328.000       1.6741
 329.000       1.6503
 330.000       1.9551
 331.000       1.6262
 332.000       1.5522
 333.000       1.6307
 334.000       1.7939
 335.000       1.6727
 336.000       1.5794
 337.000       1.6408
 338.000       1.7061
 339.000       1.7202
 340.000       1.6478
 341.000       1.6510
 342.000       1.7839
 343.000       1.6426
 344.000       1.7176
 345.000       1.8667
 346.000       1.7495
 347.000       1.8890
 348.000       1.9653
 349.000       2.2266
 350.000       2.1039
 351.000       2.2320
 352.000       2.5407
 353.000       2.5552
 354.000       2.3260
 355.000       2.0576
 356.000       1.9132
 357.000       2.1142
 358.000       2.0660
 359.000       2.0439
 360.000       1.9681
 361.000       1.7758
 362.000       2.0791
 363.000       1.8762
 364.000       1.6641
 365.000       1.6887
 366.000       2.0673
 367.000       1.8152
 368.000       1.7227
 369.000       2.3216
 370.000       1.8831
 371.000       2.2298
 372.000       2.3816
 373.000       3.5194
 374.000       3.6360
 375.000       3.7066
 376.000       3.8222
 377.000       4.5027
