#Res        AtomicFlx
 598.000       3.9626
 599.000       3.8561
 600.000       3.2308
 601.000       3.4282
 602.000       4.1717
 603.000       3.1928
 604.000       3.7250
 605.000       3.8320
 606.000       2.6249
 607.000       2.1800
 608.000       3.1762
 609.000       2.5962
 610.000       1.7907
 611.000       1.7994
 612.000       2.1169
 613.000       2.5887
 614.000       2.5776
 615.000       2.7184
 616.000       2.5887
 617.000       3.1316
 618.000       3.2666
 619.000       2.5340
 620.000       2.1732
 621.000       2.3164
 622.000       2.6033
 623.000       2.2151
 624.000       2.0095
 625.000       1.9368
 626.000       2.0128
 627.000       1.8456
 628.000       1.7048
 629.000       1.6701
 630.000       1.6848
 631.000       1.5849
 632.000       1.5068
 633.000       2.1451
 634.000       1.8592
 635.000       1.5205
 636.000       1.7292
 637.000       1.5745
 638.000       1.6839
 639.000       1.4083
 640.000       1.5801
 641.000       1.8892
 642.000       1.6932
 643.000       1.5764
 644.000       1.7646
 645.000       1.9951
 646.000       1.8448
 647.000       1.9303
 648.000       2.3832
 649.000       2.5369
 650.000       2.2430
 651.000       2.6728
 652.000       2.2845
 653.000       2.2721
 654.000       2.2678
 655.000       1.7190
 656.000       1.6665
 657.000       1.5468
 658.000       1.8608
 659.000       1.6627
 660.000       1.3836
 661.000       1.5161
 662.000       1.8191
 663.000       1.5256
 664.000       1.6181
 665.000       2.0966
 666.000       2.3208
 667.000       1.8711
 668.000       1.6646
 669.000       1.6778
 670.000       1.5209
 671.000       1.6712
 672.000       1.5668
 673.000       1.4875
 674.000       1.4967
 675.000       1.4210
 676.000       1.9567
 677.000       1.6668
 678.000       1.7654
 679.000       2.0993
 680.000       1.7348
