#Res        AtomicFlx
 400.000       5.6333
 401.000       5.3858
 402.000       7.0017
 403.000       7.9664
 404.000       5.4553
 405.000       3.8405
 406.000       3.0920
 407.000       3.3029
 408.000       2.8559
 409.000       2.3343
 410.000       4.0279
 411.000       2.5299
 412.000       2.2420
 413.000       2.6768
 414.000       3.3571
 415.000       2.3537
 416.000       2.1446
 417.000       2.1719
 418.000       1.5617
 419.000       1.5342
 420.000       1.3904
 421.000       1.5128
 422.000       1.9361
 423.000       2.1775
 424.000       1.9422
 425.000       1.2893
 426.000       1.9415
 427.000       1.6015
 428.000       1.6168
 429.000       1.3524
 430.000       1.8665
 431.000       1.9967
 432.000       1.4409
 433.000       1.5306
 434.000       2.1444
 435.000       2.2639
 436.000       1.7469
 437.000       1.8937
 438.000       3.4335
 439.000       3.5836
 440.000       2.2238
 441.000       2.2256
 442.000       1.6124
 443.000       1.5581
 444.000       2.2179
 445.000       1.5583
 446.000       1.2635
 447.000       1.4241
 448.000       1.6071
 449.000       1.2846
 450.000       1.0836
 451.000       1.2154
 452.000       1.2770
 453.000       1.1698
 454.000       1.1335
 455.000       1.2788
 456.000       1.2905
 457.000       1.2714
 458.000       1.2025
 459.000       1.2817
 460.000       1.7540
 461.000       1.4026
 462.000       1.3754
 463.000       1.5766
 464.000       1.4379
 465.000       1.5029
 466.000       1.6388
 467.000       1.5810
 468.000       1.6591
 469.000       1.8321
 470.000       2.2720
 471.000       2.1130
 472.000       2.1480
 473.000       2.5274
 474.000       2.0492
 475.000       2.1611
 476.000       2.1519
 477.000       1.8277
 478.000       1.7654
 479.000       1.7286
 480.000       2.0499
 481.000       1.7533
 482.000       1.4604
 483.000       1.9950
 484.000       1.5555
 485.000       1.3646
 486.000       1.9188
 487.000       1.8689
 488.000       1.6585
 489.000       1.9469
 490.000       2.9535
 491.000       3.0157
