#Res        AtomicFlx
 997.000       5.2109
 998.000       5.3261
 999.000       3.4205
1000.000       3.3995
1001.000       2.5499
1002.000       2.3173
1003.000       2.6356
1004.000       2.5198
1005.000       2.4197
1006.000       2.2921
1007.000       2.7104
1008.000       2.4636
1009.000       2.0794
1010.000       2.1160
1011.000       2.2547
1012.000       2.2480
1013.000       2.2267
1014.000       2.3431
1015.000       2.4538
1016.000       2.2799
1017.000       2.3443
1018.000       2.3691
1019.000       2.2716
1020.000       2.6791
1021.000       3.2967
1022.000       2.6802
1023.000       2.3863
1024.000       2.3845
1025.000       2.5440
1026.000       2.3036
1027.000       2.1497
1028.000       2.2287
1029.000       2.2697
1030.000       2.1022
1031.000       2.0751
1032.000       2.4430
1033.000       2.3166
1034.000       2.1871
1035.000       2.2080
1036.000       2.2211
1037.000       2.4684
1038.000       2.1236
1039.000       2.1475
1040.000       2.6135
1041.000       2.3841
1042.000       2.2878
1043.000       2.4584
1044.000       2.7483
1045.000       2.5586
1046.000       2.5791
1047.000       3.2406
1048.000       3.1691
1049.000       2.9308
1050.000       3.3052
1051.000       2.8157
1052.000       2.7225
1053.000       2.8301
1054.000       2.2656
1055.000       2.3161
1056.000       2.3128
1057.000       2.7673
1058.000       2.3192
1059.000       2.1312
1060.000       2.2536
1061.000       2.4117
1062.000       2.2322
1063.000       2.1555
1064.000       2.6028
1065.000       2.8933
1066.000       2.8846
1067.000       2.4348
1068.000       2.5749
1069.000       2.4570
1070.000       2.2100
1071.000       2.0085
1072.000       2.0116
1073.000       2.0848
1074.000       2.0405
1075.000       2.7460
1076.000       1.9197
1077.000       2.1398
1078.000       2.1931
1079.000       2.1480
