#Frame   AVERAGE_00016 AVERAGE_00016[SD]
       1        3.8140            0.9940
       2        3.9646            1.3996
       3        3.3076            1.1827
       4        3.1350            0.8143
       5        2.6518            0.8372
       6        2.3177            0.6424
       7        2.4509            0.7770
       8        2.4998            0.7730
       9        2.5926            0.7331
      10        1.9797            0.4897
      11        2.4168            0.5336
      12        2.6664            0.3551
      13        1.8793            0.4240
      14        1.8548            0.4092
      15        2.1750            0.4124
      16        2.3599            0.4621
      17        2.0667            0.4806
      18        2.3331            0.3309
      19        2.3637            0.3256
      20        2.4224            0.3904
      21        2.4873            0.4893
      22        2.2975            0.4258
      23        2.0635            0.3901
      24        2.0878            0.4653
      25        2.4830            0.4901
      26        1.9690            0.4689
      27        1.8288            0.4358
      28        1.8606            0.4582
      29        1.9089            0.4867
      30        1.7265            0.4599
      31        1.6942            0.4524
      32        1.7421            0.5129
      33        1.7218            0.5096
      34        1.6340            0.4880
      35        1.6995            0.5053
      36        2.1487            0.4631
      37        1.8871            0.4997
      38        1.8978            0.6393
      39        1.9143            0.5310
      40        1.8644            0.5965
      41        2.0598            0.5393
      42        1.8474            0.6202
      43        1.9444            0.6626
      44        2.2947            0.6137
      45        2.1285            0.6433
      46        2.0792            0.7266
      47        2.2451            0.7295
      48        2.5036            0.6562
      49        2.3874            0.7513
      50        2.4638            0.7896
      51        3.0017            0.6408
      52        3.0271            0.7078
      53        2.8092            0.7977
      54        3.2069            0.8041
      55        2.7645            0.8231
      56        2.7181            0.8336
      57        2.7468            0.8488
      58        2.1942            0.7876
      59        2.2210            0.7749
      60        2.1503            0.6986
      61        2.5399            0.6906
      62        2.2202            0.7638
      63        1.9858            0.6610
      64        2.1208            0.5944
      65        2.2866            0.6293
      66        2.0171            0.6197
      67        2.0561            0.4986
      68        2.5394            0.3803
      69        2.6425            0.4762
      70        2.3584            0.4530
      71        2.1626            0.4484
      72        2.0951            0.4086
      73        2.0024            0.4953
      74        2.2416            0.5567
      75        1.9056            0.3852
      76        1.8491            0.4015
      77        2.0424            0.4403
      78        2.2498            0.5420
      79        3.0129            0.7787
      80        2.3670            0.6866
      81        2.4666            0.8383
      82        2.5494            0.5763
      83        2.7613            0.9991
