#Res        AtomicFlx
 704.000       1.3497
 705.000       1.7817
 706.000       1.4594
 707.000       1.3670
 708.000       1.3388
 709.000       1.9527
 710.000       1.6593
 711.000       1.2199
 712.000       1.2861
 713.000       1.7937
 714.000       1.4393
 715.000       1.3007
 716.000       1.3774
 717.000       1.3893
 718.000       1.6855
 719.000       1.5079
 720.000       1.4036
 721.000       1.4108
 722.000       1.6029
 723.000       2.0415
 724.000       1.3618
 725.000       1.6776
 726.000       1.3135
 727.000       1.2075
 728.000       1.1440
 729.000       1.3329
 730.000       1.0882
 731.000       1.2680
 732.000       1.0068
 733.000       1.2465
 734.000       1.5879
 735.000       1.0700
 736.000       0.9752
 737.000       1.1778
 738.000       1.2996
 739.000       1.0890
 740.000       0.9713
 741.000       1.2365
 742.000       0.9563
 743.000       0.9507
 744.000       1.1355
 745.000       1.0095
 746.000       1.0143
 747.000       1.3387
 748.000       1.6769
 749.000       1.7972
 750.000       1.7738
 751.000       2.4707
 752.000       2.2604
 753.000       1.7886
 754.000       1.2075
 755.000       1.0862
 756.000       1.2467
 757.000       1.3921
 758.000       1.1659
 759.000       1.1270
 760.000       0.9391
 761.000       1.1021
 762.000       0.9444
 763.000       0.9187
 764.000       0.9218
 765.000       1.1308
 766.000       0.9835
 767.000       1.1327
 768.000       1.4000
 769.000       1.1696
 770.000       1.2436
 771.000       1.2897
 772.000       1.4807
 773.000       2.7187
 774.000       2.4772
 775.000       2.7849
 776.000       3.4798
