#Res        AtomicFlx
 598.000       3.0445
 599.000       2.4603
 600.000       2.0507
 601.000       2.2303
 602.000       1.5105
 603.000       1.4845
 604.000       1.2867
 605.000       1.2995
 606.000       1.8208
 607.000       1.1574
 608.000       1.4779
 609.000       2.3323
 610.000       1.3698
 611.000       1.3659
 612.000       1.4494
 613.000       2.0352
 614.000       1.4833
 615.000       1.9354
 616.000       1.8040
 617.000       1.6647
 618.000       2.0651
 619.000       1.4913
 620.000       1.3011
 621.000       1.2822
 622.000       1.5834
 623.000       1.2025
 624.000       1.1488
 625.000       1.1325
 626.000       1.1683
 627.000       1.1039
 628.000       1.0787
 629.000       1.0467
 630.000       1.0907
 631.000       1.0705
 632.000       1.1199
 633.000       1.8446
 634.000       1.3076
 635.000       1.3553
 636.000       1.2675
 637.000       1.2143
 638.000       1.5652
 639.000       1.1736
 640.000       1.1867
 641.000       1.7012
 642.000       1.4580
 643.000       1.2860
 644.000       1.4496
 645.000       1.8703
 646.000       1.6140
 647.000       1.6328
 648.000       2.5274
 649.000       2.3548
 650.000       2.0434
 651.000       2.4662
 652.000       1.9410
 653.000       1.8890
 654.000       1.7807
 655.000       1.2540
 656.000       1.3235
 657.000       1.4012
 658.000       1.7711
 659.000       1.3310
 660.000       1.2848
 661.000       1.5008
 662.000       1.5313
 663.000       1.3560
 664.000       1.6238
 665.000       2.1666
 666.000       2.0324
 667.000       1.7734
 668.000       1.5584
 669.000       1.5601
 670.000       1.4911
 671.000       1.6715
 672.000       1.4436
 673.000       1.4552
 674.000       1.5161
 675.000       1.4978
 676.000       2.5830
 677.000       1.6823
 678.000       1.7470
 679.000       2.1440
 680.000       3.9058
