#Res        AtomicFlx
 799.000       6.7375
 800.000       5.8417
 801.000       6.3643
 802.000       6.2319
 803.000       4.8128
 804.000       5.9040
 805.000       5.2091
 806.000       4.5632
 807.000       4.3084
 808.000       3.4172
 809.000       3.1611
 810.000       2.5252
 811.000       2.3558
 812.000       2.5675
 813.000       2.5995
 814.000       2.3964
 815.000       2.1355
 816.000       2.0562
 817.000       1.9780
 818.000       2.0499
 819.000       2.1906
 820.000       2.2646
 821.000       2.3061
 822.000       2.4469
 823.000       2.5207
 824.000       2.0657
 825.000       2.5177
 826.000       2.3459
 827.000       2.3696
 828.000       2.1373
 829.000       2.4320
 830.000       3.0487
 831.000       2.3776
 832.000       2.3876
 833.000       3.0395
 834.000       3.1134
 835.000       2.7066
 836.000       2.9661
 837.000       3.5431
 838.000       4.0547
 839.000       2.7410
 840.000       2.6191
 841.000       2.2850
 842.000       2.0077
 843.000       2.5919
 844.000       1.7835
 845.000       1.8041
 846.000       1.9722
 847.000       1.9778
 848.000       1.7072
 849.000       1.8146
 850.000       1.8801
 851.000       1.7253
 852.000       1.7597
 853.000       1.8620
 854.000       1.9464
 855.000       1.8423
 856.000       1.9866
 857.000       1.9978
 858.000       1.9777
 859.000       1.9317
 860.000       2.1843
 861.000       2.2146
 862.000       2.1285
 863.000       2.3007
 864.000       2.4081
 865.000       2.5469
 866.000       2.6005
 867.000       2.6532
 868.000       2.6820
 869.000       2.7378
 870.000       2.8436
 871.000       2.9529
 872.000       3.3009
 873.000       2.8752
 874.000       2.8608
 875.000       3.3175
 876.000       2.6453
 877.000       2.7467
 878.000       2.7545
 879.000       3.0949
 880.000       2.7185
 881.000       2.4314
 882.000       2.8046
 883.000       2.6343
 884.000       2.3738
 885.000       2.4157
 886.000       2.8750
 887.000       2.6463
 888.000       2.5542
 889.000       3.4183
 890.000       4.2122
