#Res        AtomicFlx
 704.000       1.8820
 705.000       2.2478
 706.000       1.9868
 707.000       1.7674
 708.000       1.7058
 709.000       2.1758
 710.000       1.9436
 711.000       1.5198
 712.000       1.6813
 713.000       2.1286
 714.000       1.6552
 715.000       1.4855
 716.000       1.5747
 717.000       1.6914
 718.000       1.9367
 719.000       2.0098
 720.000       1.9950
 721.000       2.0869
 722.000       2.2897
 723.000       2.6726
 724.000       1.9136
 725.000       2.3059
 726.000       1.9355
 727.000       1.7346
 728.000       1.5867
 729.000       2.1211
 730.000       1.7623
 731.000       1.5553
 732.000       1.5212
 733.000       1.8741
 734.000       1.8037
 735.000       1.5503
 736.000       1.5123
 737.000       1.8216
 738.000       1.8541
 739.000       1.5785
 740.000       1.5588
 741.000       1.9871
 742.000       1.7162
 743.000       1.5956
 744.000       1.7931
 745.000       1.9455
 746.000       1.7807
 747.000       1.8329
 748.000       2.2696
 749.000       2.2381
 750.000       2.2890
 751.000       2.5086
 752.000       2.4410
 753.000       2.4376
 754.000       1.9124
 755.000       1.7074
 756.000       2.1299
 757.000       1.8826
 758.000       1.8462
 759.000       1.7692
 760.000       1.5329
 761.000       2.0051
 762.000       1.8174
 763.000       1.5745
 764.000       1.6225
 765.000       2.1394
 766.000       1.8284
 767.000       1.7060
 768.000       2.4471
 769.000       1.7463
 770.000       1.9939
 771.000       2.2736
 772.000       3.9161
 773.000       4.8211
 774.000       4.5674
 775.000       4.3268
 776.000       3.7809
