#Res        AtomicFlx
 799.000       5.6853
 800.000       4.3415
 801.000       4.4294
 802.000       4.4641
 803.000       2.9723
 804.000       3.3032
 805.000       2.4716
 806.000       2.8328
 807.000       2.5838
 808.000       2.0549
 809.000       2.6255
 810.000       2.0622
 811.000       1.8983
 812.000       2.3740
 813.000       2.7138
 814.000       2.2459
 815.000       2.9374
 816.000       2.2114
 817.000       1.7759
 818.000       1.7641
 819.000       1.6831
 820.000       1.8918
 821.000       2.0837
 822.000       2.4514
 823.000       2.3712
 824.000       1.6280
 825.000       2.2718
 826.000       1.9870
 827.000       1.9141
 828.000       1.7524
 829.000       2.2423
 830.000       2.3954
 831.000       1.8430
 832.000       2.0200
 833.000       2.6455
 834.000       2.6090
 835.000       2.1916
 836.000       2.5058
 837.000       3.3718
 838.000       2.6623
 839.000       2.0939
 840.000       2.4257
 841.000       1.8063
 842.000       1.8179
 843.000       2.2056
 844.000       1.8306
 845.000       1.6502
 846.000       1.6984
 847.000       1.8916
 848.000       1.6647
 849.000       1.4995
 850.000       1.5045
 851.000       1.4966
 852.000       1.3834
 853.000       1.3737
 854.000       1.4317
 855.000       1.4241
 856.000       1.4724
 857.000       1.3577
 858.000       1.3470
 859.000       2.2901
 860.000       1.5332
 861.000       1.4264
 862.000       1.7547
 863.000       1.6185
 864.000       1.4751
 865.000       1.5788
 866.000       1.6181
 867.000       1.6404
 868.000       1.7014
 869.000       1.8452
 870.000       1.9852
 871.000       2.1142
 872.000       2.8249
 873.000       2.7055
 874.000       2.0518
 875.000       2.2989
 876.000       1.8042
 877.000       1.8598
 878.000       1.9511
 879.000       2.2623
 880.000       1.7961
 881.000       1.6451
 882.000       2.1917
 883.000       1.7265
 884.000       1.5756
 885.000       1.9975
 886.000       2.3961
 887.000       1.9609
 888.000       2.4348
 889.000       4.7756
 890.000       4.7977
