#Res        AtomicFlx
 799.000       8.6770
 800.000       7.8525
 801.000       8.7171
 802.000       9.0920
 803.000       7.2778
 804.000       6.4043
 805.000       5.4608
 806.000       4.4634
 807.000       3.6319
 808.000       1.9306
 809.000       2.7378
 810.000       2.1861
 811.000       1.9880
 812.000       1.8251
 813.000       2.3906
 814.000       1.8363
 815.000       1.8083
 816.000       1.7492
 817.000       1.3860
 818.000       1.2370
 819.000       1.1757
 820.000       1.2342
 821.000       1.5755
 822.000       1.7620
 823.000       1.8842
 824.000       1.1528
 825.000       1.6589
 826.000       1.2761
 827.000       1.2052
 828.000       1.1282
 829.000       1.6146
 830.000       1.6406
 831.000       1.1646
 832.000       1.3110
 833.000       1.8967
 834.000       1.7209
 835.000       1.4896
 836.000       1.6965
 837.000       2.8462
 838.000       2.1040
 839.000       1.4321
 840.000       1.8673
 841.000       1.1879
 842.000       1.1475
 843.000       1.6350
 844.000       1.1967
 845.000       1.0736
 846.000       1.1388
 847.000       1.2829
 848.000       1.1840
 849.000       1.0637
 850.000       1.0653
 851.000       1.1286
 852.000       0.9974
 853.000       1.0035
 854.000       1.0961
 855.000       1.1156
 856.000       1.0883
 857.000       1.0937
 858.000       1.1714
 859.000       1.6794
 860.000       1.2061
 861.000       1.1857
 862.000       1.5562
 863.000       1.3707
 864.000       1.2293
 865.000       1.4588
 866.000       1.3476
 867.000       1.2942
 868.000       1.4551
 869.000       1.9551
 870.000       1.9892
 871.000       1.7522
 872.000       1.9995
 873.000       2.0950
 874.000       1.6337
 875.000       1.8955
 876.000       1.3865
 877.000       1.3338
 878.000       1.3391
 879.000       1.8033
 880.000       1.3768
 881.000       1.1856
 882.000       1.5930
 883.000       1.3011
 884.000       1.2592
 885.000       1.3978
 886.000       1.8228
 887.000       1.6445
 888.000       1.8925
 889.000       2.4157
 890.000       2.8240
