#Res        AtomicFlx
 598.000       3.8593
 599.000       3.7410
 600.000       3.1658
 601.000       3.6584
 602.000       3.4095
 603.000       2.8159
 604.000       2.5779
 605.000       2.4523
 606.000       2.8302
 607.000       2.2200
 608.000       2.5272
 609.000       3.0194
 610.000       2.2371
 611.000       2.2879
 612.000       2.6486
 613.000       3.0383
 614.000       2.3067
 615.000       2.7139
 616.000       2.7304
 617.000       2.6087
 618.000       2.9538
 619.000       2.7986
 620.000       2.4713
 621.000       2.3818
 622.000       2.6553
 623.000       2.1912
 624.000       2.0683
 625.000       2.1077
 626.000       2.0999
 627.000       1.8851
 628.000       1.8676
 629.000       1.9067
 630.000       1.8234
 631.000       1.7072
 632.000       1.8016
 633.000       2.1290
 634.000       1.8237
 635.000       1.6933
 636.000       1.9437
 637.000       1.7654
 638.000       1.8798
 639.000       1.7269
 640.000       1.8545
 641.000       2.1488
 642.000       1.9705
 643.000       1.9294
 644.000       2.0841
 645.000       2.4025
 646.000       2.2808
 647.000       2.3416
 648.000       2.8850
 649.000       2.9703
 650.000       2.7262
 651.000       3.1007
 652.000       2.6424
 653.000       2.5495
 654.000       2.7634
 655.000       2.0949
 656.000       2.1753
 657.000       2.1029
 658.000       2.5487
 659.000       2.2222
 660.000       1.9771
 661.000       2.2342
 662.000       2.3021
 663.000       1.9278
 664.000       1.9888
 665.000       2.6723
 666.000       2.5596
 667.000       2.2665
 668.000       2.1364
 669.000       2.1038
 670.000       2.0027
 671.000       2.3138
 672.000       2.0665
 673.000       1.9165
 674.000       2.3324
 675.000       2.9748
 676.000       4.7641
 677.000       3.7822
 678.000       4.1541
 679.000       3.5544
 680.000       4.4625
