#Res        AtomicFlx
 305.000       3.4422
 306.000       3.6749
 307.000       3.5656
 308.000       3.3677
 309.000       3.2527
 310.000       3.7947
 311.000       3.7257
 312.000       3.3416
 313.000       3.4446
 314.000       4.0433
 315.000       3.5321
 316.000       3.4547
 317.000       3.6839
 318.000       3.7248
 319.000       4.1741
 320.000       3.8383
 321.000       3.7833
 322.000       3.7262
 323.000       3.8507
 324.000       3.8560
 325.000       3.3190
 326.000       3.4862
 327.000       3.0366
 328.000       2.8922
 329.000       2.9687
 330.000       3.1138
 331.000       2.6218
 332.000       2.5824
 333.000       2.7034
 334.000       2.6344
 335.000       2.4336
 336.000       2.3853
 337.000       2.4395
 338.000       2.2886
 339.000       2.2115
 340.000       2.2605
 341.000       2.2367
 342.000       2.2122
 343.000       1.9540
 344.000       2.1316
 345.000       2.1745
 346.000       1.8381
 347.000       2.0426
 348.000       2.3380
 349.000       2.3172
 350.000       2.0377
 351.000       2.4481
 352.000       2.7555
 353.000       3.0266
 354.000       2.9265
 355.000       2.7623
 356.000       2.5991
 357.000       2.7401
 358.000       2.7109
 359.000       2.4014
 360.000       2.3651
 361.000       2.3533
 362.000       2.4339
 363.000       2.0556
 364.000       2.0529
 365.000       2.0351
 366.000       2.1534
 367.000       1.9000
 368.000       2.1821
 369.000       2.3396
 370.000       2.2410
 371.000       2.6066
 372.000       2.8112
 373.000       2.9509
 374.000       2.9547
 375.000       3.1876
 376.000       2.8208
 377.000       3.4234
