#Res        AtomicFlx
 503.000       2.6421
 504.000       2.4680
 505.000       2.7808
 506.000       2.7112
 507.000       3.3922
 508.000       2.1702
 509.000       2.7995
 510.000       3.3153
 511.000       2.6481
 512.000       2.6194
 513.000       2.8697
 514.000       3.7558
 515.000       2.7775
 516.000       2.7396
 517.000       2.6029
 518.000       2.7524
 519.000       2.7330
 520.000       3.0124
 521.000       2.3705
 522.000       2.3771
 523.000       2.4490
 524.000       2.4104
 525.000       2.1018
 526.000       2.1355
 527.000       2.2693
 528.000       1.7860
 529.000       1.6699
 530.000       1.6627
 531.000       1.8022
 532.000       1.5000
 533.000       1.2978
 534.000       1.5357
 535.000       1.5256
 536.000       1.1371
 537.000       1.2419
 538.000       1.4978
 539.000       1.2334
 540.000       1.2852
 541.000       1.4055
 542.000       1.4877
 543.000       1.6433
 544.000       1.6569
 545.000       1.8674
 546.000       2.9873
 547.000       2.4643
 548.000       2.7231
 549.000       2.3652
 550.000       2.1015
 551.000       1.8484
 552.000       1.9670
 553.000       1.6228
 554.000       1.7105
 555.000       1.3812
 556.000       1.2589
 557.000       1.3979
 558.000       1.4272
 559.000       1.2249
 560.000       1.2049
 561.000       1.4311
 562.000       1.7676
 563.000       1.5441
 564.000       1.8385
 565.000       1.9534
 566.000       2.9309
 567.000       3.6292
 568.000       2.3132
 569.000       1.7705
 570.000       2.9233
 571.000       2.1936
 572.000       1.5668
 573.000       1.4724
 574.000       1.5352
 575.000       2.0348
 576.000       1.5520
 577.000       1.6531
 578.000       2.0402
 579.000       1.9340
 580.000       2.0539
 581.000       2.2236
 582.000       3.0953
 583.000       3.0615
 584.000       2.9172
 585.000       4.3726
 586.000       4.3550
 587.000       5.3330
 588.000       5.5880
 589.000       4.5536
 590.000       4.7834
