#Res        AtomicFlx
 902.000       2.0268
 903.000       1.9670
 904.000       2.0783
 905.000       2.4694
 906.000       2.7726
 907.000       2.1116
 908.000       2.5365
 909.000       3.2993
 910.000       3.0282
 911.000       3.6143
 912.000       2.5859
 913.000       2.8749
 914.000       1.6897
 915.000       1.5763
 916.000       1.5277
 917.000       1.6843
 918.000       1.5115
 919.000       1.8941
 920.000       1.2725
 921.000       1.3062
 922.000       1.3235
 923.000       1.3507
 924.000       1.1651
 925.000       1.3095
 926.000       1.5157
 927.000       1.1133
 928.000       1.0614
 929.000       1.1129
 930.000       1.4510
 931.000       1.1748
 932.000       0.9912
 933.000       1.1812
 934.000       1.2725
 935.000       0.9699
 936.000       0.9925
 937.000       1.0529
 938.000       0.9561
 939.000       0.9828
 940.000       1.1533
 941.000       1.1471
 942.000       1.0465
 943.000       1.0039
 944.000       1.1508
 945.000       1.7050
 946.000       2.1345
 947.000       2.9794
 948.000       2.1551
 949.000       1.3917
 950.000       1.2974
 951.000       1.4329
 952.000       1.2103
 953.000       1.2473
 954.000       0.9991
 955.000       0.9764
 956.000       1.1080
 957.000       1.0643
 958.000       0.9521
 959.000       0.9874
 960.000       0.9996
 961.000       1.2245
 962.000       1.1820
 963.000       1.3994
 964.000       1.7182
 965.000       2.0115
 966.000       2.3045
 967.000       1.6454
 968.000       1.2250
 969.000       1.8732
 970.000       1.6548
 971.000       1.1930
 972.000       1.1999
 973.000       1.2734
 974.000       1.5438
 975.000       1.1578
 976.000       1.2674
 977.000       1.6485
 978.000       1.2955
 979.000       1.3455
 980.000       1.5562
 981.000       1.8985
 982.000       1.8557
 983.000       2.0114
 984.000       2.3014
 985.000       2.2777
 986.000       2.9409
 987.000       4.0796
 988.000       3.7712
 989.000       4.5076
