#Res        AtomicFlx
 305.000       1.6520
 306.000       1.9368
 307.000       1.6100
 308.000       1.5320
 309.000       1.5130
 310.000       2.0358
 311.000       1.6497
 312.000       1.4090
 313.000       1.5483
 314.000       1.9462
 315.000       1.7487
 316.000       1.5247
 317.000       1.8067
 318.000       1.8008
 319.000       2.1330
 320.000       2.0145
 321.000       2.0113
 322.000       2.0602
 323.000       2.3430
 324.000       2.3293
 325.000       1.7808
 326.000       2.2123
 327.000       1.7235
 328.000       1.5144
 329.000       1.4376
 330.000       1.8053
 331.000       1.3313
 332.000       1.8913
 333.000       1.2367
 334.000       1.4669
 335.000       1.5077
 336.000       1.1895
 337.000       1.1328
 338.000       1.3421
 339.000       1.2994
 340.000       1.0715
 341.000       1.1387
 342.000       1.3775
 343.000       1.1464
 344.000       1.1112
 345.000       1.4235
 346.000       1.2573
 347.000       1.1659
 348.000       1.3356
 349.000       1.7013
 350.000       1.3764
 351.000       1.3936
 352.000       1.8663
 353.000       1.7363
 354.000       1.8828
 355.000       1.4910
 356.000       1.3546
 357.000       1.4727
 358.000       1.4415
 359.000       1.2580
 360.000       1.2231
 361.000       1.0242
 362.000       1.4600
 363.000       1.1156
 364.000       1.0019
 365.000       1.0121
 366.000       1.4161
 367.000       1.2880
 368.000       1.2640
 369.000       1.8842
 370.000       1.2579
 371.000       1.4861
 372.000       1.6137
 373.000       2.4819
 374.000       2.3920
 375.000       2.1858
 376.000       2.8186
 377.000       2.5659
