#Res        AtomicFlx
 997.000       1.6454
 998.000       1.6526
 999.000       1.6332
1000.000       1.8029
1001.000       1.6140
1002.000       1.3771
1003.000       1.4912
1004.000       1.6215
1005.000       1.4279
1006.000       1.3885
1007.000       1.7603
1008.000       2.0744
1009.000       1.2026
1010.000       1.1668
1011.000       1.6496
1012.000       1.4099
1013.000       1.3276
1014.000       1.8681
1015.000       1.9615
1016.000       2.5776
1017.000       1.6539
1018.000       1.7558
1019.000       1.5470
1020.000       1.4051
1021.000       1.9647
1022.000       1.3179
1023.000       1.1858
1024.000       1.2076
1025.000       1.2440
1026.000       1.1051
1027.000       1.1547
1028.000       1.1141
1029.000       1.1138
1030.000       1.0665
1031.000       1.1053
1032.000       1.3308
1033.000       1.2067
1034.000       1.1796
1035.000       1.2758
1036.000       1.2281
1037.000       1.5118
1038.000       1.2960
1039.000       1.3197
1040.000       1.7134
1041.000       1.5848
1042.000       1.4550
1043.000       1.5689
1044.000       1.8705
1045.000       1.6935
1046.000       1.7069
1047.000       2.3985
1048.000       2.2767
1049.000       1.9694
1050.000       2.3094
1051.000       1.8703
1052.000       1.7759
1053.000       1.8437
1054.000       1.4696
1055.000       1.5217
1056.000       1.5530
1057.000       1.9958
1058.000       1.5508
1059.000       1.5104
1060.000       1.6525
1061.000       1.7604
1062.000       1.5949
1063.000       1.8123
1064.000       2.3754
1065.000       2.2288
1066.000       2.0328
1067.000       2.0111
1068.000       1.7507
1069.000       1.4748
1070.000       2.0107
1071.000       1.5563
1072.000       1.4015
1073.000       1.8206
1074.000       2.2860
1075.000       2.7298
1076.000       2.0125
1077.000       1.7038
1078.000       1.6932
1079.000       1.4496
