#Res        AtomicFlx
 704.000       2.5113
 705.000       2.8405
 706.000       2.4766
 707.000       2.3145
 708.000       2.3840
 709.000       2.6756
 710.000       2.3009
 711.000       2.1256
 712.000       2.3081
 713.000       2.6843
 714.000       2.0774
 715.000       2.1454
 716.000       2.3258
 717.000       2.4680
 718.000       2.9196
 719.000       2.7554
 720.000       2.7030
 721.000       2.7646
 722.000       2.8190
 723.000       3.0179
 724.000       2.5623
 725.000       2.7931
 726.000       2.5692
 727.000       2.4660
 728.000       2.3021
 729.000       2.6512
 730.000       2.2948
 731.000       2.2130
 732.000       2.0870
 733.000       2.2300
 734.000       2.3155
 735.000       2.0386
 736.000       2.0114
 737.000       2.3069
 738.000       2.3044
 739.000       2.0046
 740.000       2.0916
 741.000       2.3724
 742.000       2.0866
 743.000       2.0596
 744.000       2.3198
 745.000       2.3223
 746.000       2.0162
 747.000       2.1015
 748.000       2.6705
 749.000       2.2165
 750.000       2.0747
 751.000       2.5015
 752.000       2.2592
 753.000       2.3279
 754.000       1.9552
 755.000       2.0723
 756.000       1.9668
 757.000       1.7793
 758.000       1.8827
 759.000       1.9991
 760.000       1.7921
 761.000       1.8475
 762.000       1.9553
 763.000       1.9149
 764.000       1.8132
 765.000       2.0548
 766.000       2.0455
 767.000       2.0339
 768.000       2.3898
 769.000       1.8238
 770.000       1.6455
 771.000       1.6259
 772.000       1.9790
 773.000       2.0218
 774.000       2.6743
 775.000       3.2564
 776.000       3.4674
