#Res        AtomicFlx
 400.000      10.8760
 401.000      10.0438
 402.000      10.4808
 403.000       9.2568
 404.000       7.4755
 405.000       5.6824
 406.000       4.8684
 407.000       6.1309
 408.000       5.3236
 409.000       3.7525
 410.000       4.2927
 411.000       4.0314
 412.000       3.7382
 413.000       3.3761
 414.000       3.8977
 415.000       3.5976
 416.000       3.5047
 417.000       3.4892
 418.000       3.0918
 419.000       3.0140
 420.000       2.8930
 421.000       3.2660
 422.000       3.2910
 423.000       3.5620
 424.000       3.4720
 425.000       2.8373
 426.000       3.3204
 427.000       3.2843
 428.000       3.2982
 429.000       2.9087
 430.000       3.2947
 431.000       3.3062
 432.000       2.8032
 433.000       2.9791
 434.000       3.4054
 435.000       3.1743
 436.000       2.8184
 437.000       3.1571
 438.000       4.2511
 439.000       3.8031
 440.000       3.1588
 441.000       3.8511
 442.000       3.0183
 443.000       3.0488
 444.000       3.5062
 445.000       3.1094
 446.000       2.7698
 447.000       2.9170
 448.000       3.1913
 449.000       2.5576
 450.000       2.4834
 451.000       2.7556
 452.000       2.6237
 453.000       2.3111
 454.000       2.3151
 455.000       2.5822
 456.000       2.4266
 457.000       2.2377
 458.000       2.3110
 459.000       2.4727
 460.000       2.9768
 461.000       2.3150
 462.000       2.4749
 463.000       2.5734
 464.000       2.3687
 465.000       2.5082
 466.000       2.7905
 467.000       2.6418
 468.000       2.5940
 469.000       2.7569
 470.000       3.0334
 471.000       2.9230
 472.000       2.8877
 473.000       3.3083
 474.000       3.2750
 475.000       3.1363
 476.000       3.4560
 477.000       2.8427
 478.000       2.7566
 479.000       2.6179
 480.000       2.7969
 481.000       2.6116
 482.000       2.3900
 483.000       2.8091
 484.000       2.3182
 485.000       2.2937
 486.000       2.3819
 487.000       2.3303
 488.000       2.7249
 489.000       3.0778
 490.000       5.1292
 491.000       4.4646
