#Res        AtomicFlx
 902.000       3.4432
 903.000       3.4002
 904.000       4.0487
 905.000       3.7868
 906.000       3.4615
 907.000       3.7566
 908.000       3.9466
 909.000       4.0063
 910.000       3.7661
 911.000       4.5352
 912.000       4.4965
 913.000       5.0323
 914.000       4.3623
 915.000       4.2404
 916.000       3.9935
 917.000       4.2801
 918.000       4.0274
 919.000       4.4208
 920.000       3.6534
 921.000       3.6094
 922.000       3.5301
 923.000       3.4517
 924.000       3.2006
 925.000       3.1757
 926.000       3.2524
 927.000       2.9266
 928.000       2.7438
 929.000       2.7803
 930.000       2.8074
 931.000       2.6541
 932.000       2.4815
 933.000       2.6431
 934.000       2.5556
 935.000       2.3658
 936.000       2.3417
 937.000       2.5329
 938.000       2.1711
 939.000       2.0463
 940.000       2.0762
 941.000       2.1077
 942.000       2.2384
 943.000       2.2052
 944.000       2.0346
 945.000       2.4719
 946.000       2.1778
 947.000       2.5425
 948.000       2.2234
 949.000       1.9182
 950.000       1.9965
 951.000       2.1843
 952.000       2.1222
 953.000       2.0732
 954.000       1.9498
 955.000       2.1250
 956.000       2.2199
 957.000       2.1931
 958.000       2.1638
 959.000       2.3530
 960.000       2.3443
 961.000       2.2760
 962.000       2.4528
 963.000       3.3463
 964.000       2.7059
 965.000       3.1761
 966.000       3.6166
 967.000       3.3879
 968.000       2.5501
 969.000       3.3483
 970.000       2.8892
 971.000       2.5728
 972.000       2.3444
 973.000       2.5237
 974.000       2.8680
 975.000       2.5116
 976.000       2.4493
 977.000       2.8561
 978.000       2.6509
 979.000       2.5405
 980.000       2.6794
 981.000       2.8679
 982.000       2.9271
 983.000       3.3441
 984.000       4.2467
 985.000       5.5406
 986.000       7.4296
 987.000       8.7410
 988.000       8.0686
 989.000       9.7913
