#Res        AtomicFlx
 902.000       2.5846
 903.000       2.5236
 904.000       3.0263
 905.000       2.7585
 906.000       2.4249
 907.000       2.3622
 908.000       2.5168
 909.000       2.9218
 910.000       2.5832
 911.000       3.2833
 912.000       2.9047
 913.000       3.3073
 914.000       2.6242
 915.000       2.4546
 916.000       2.2950
 917.000       2.4581
 918.000       2.3954
 919.000       2.6459
 920.000       2.1446
 921.000       2.2436
 922.000       2.1231
 923.000       2.0858
 924.000       2.0575
 925.000       2.0681
 926.000       1.9675
 927.000       1.9255
 928.000       1.9329
 929.000       1.9715
 930.000       2.0949
 931.000       2.0381
 932.000       1.9439
 933.000       2.1304
 934.000       2.1143
 935.000       2.0237
 936.000       2.0928
 937.000       2.1639
 938.000       2.0917
 939.000       2.0956
 940.000       2.1242
 941.000       2.1770
 942.000       2.2218
 943.000       2.1717
 944.000       2.2185
 945.000       2.7386
 946.000       2.3253
 947.000       2.4541
 948.000       2.4967
 949.000       2.9090
 950.000       2.7501
 951.000       3.5597
 952.000       2.6589
 953.000       2.7082
 954.000       2.3917
 955.000       2.2200
 956.000       2.3112
 957.000       2.4085
 958.000       2.0874
 959.000       2.0276
 960.000       2.1418
 961.000       2.2861
 962.000       2.1814
 963.000       2.4554
 964.000       2.4493
 965.000       3.3633
 966.000       3.0944
 967.000       2.6190
 968.000       2.4444
 969.000       3.2545
 970.000       2.7993
 971.000       2.4747
 972.000       2.6068
 973.000       2.8182
 974.000       2.9607
 975.000       2.4597
 976.000       2.8500
 977.000       3.2573
 978.000       2.9575
 979.000       2.9011
 980.000       3.2641
 981.000       3.7753
 982.000       3.3420
 983.000       3.4692
 984.000       3.8031
 985.000       3.8327
 986.000       4.9381
 987.000       4.7697
 988.000       4.5147
 989.000       5.8459
