#Res        AtomicFlx
 799.000       6.0893
 800.000       5.5041
 801.000       5.9027
 802.000       5.6608
 803.000       4.9178
 804.000       4.6911
 805.000       3.7139
 806.000       4.0012
 807.000       3.4871
 808.000       3.1425
 809.000       3.8622
 810.000       3.0296
 811.000       2.9048
 812.000       3.0088
 813.000       3.0843
 814.000       2.6561
 815.000       2.6307
 816.000       2.6772
 817.000       2.3631
 818.000       2.4626
 819.000       2.3518
 820.000       2.4646
 821.000       2.4423
 822.000       3.0184
 823.000       2.7708
 824.000       2.1290
 825.000       2.6114
 826.000       2.4115
 827.000       2.3703
 828.000       2.1106
 829.000       2.3920
 830.000       2.8706
 831.000       2.2273
 832.000       2.1774
 833.000       2.7112
 834.000       2.7639
 835.000       2.5054
 836.000       2.5446
 837.000       3.1859
 838.000       3.1101
 839.000       2.4119
 840.000       2.3938
 841.000       2.1869
 842.000       2.0903
 843.000       2.5752
 844.000       2.0757
 845.000       1.8728
 846.000       2.0856
 847.000       2.2824
 848.000       1.9328
 849.000       1.8859
 850.000       1.9761
 851.000       1.9801
 852.000       1.8472
 853.000       1.9648
 854.000       2.1188
 855.000       2.1376
 856.000       2.1748
 857.000       2.3032
 858.000       2.2994
 859.000       2.6684
 860.000       2.5867
 861.000       2.6649
 862.000       2.7141
 863.000       2.6415
 864.000       2.9119
 865.000       2.9824
 866.000       2.9021
 867.000       3.1442
 868.000       3.3149
 869.000       3.5324
 870.000       3.3749
 871.000       3.6597
 872.000       3.8084
 873.000       4.1439
 874.000       3.6787
 875.000       4.4504
 876.000       3.4228
 877.000       3.5367
 878.000       3.5430
 879.000       3.8948
 880.000       3.3907
 881.000       3.0308
 882.000       3.4746
 883.000       3.2220
 884.000       2.8487
 885.000       3.4490
 886.000       3.2767
 887.000       3.0311
 888.000       3.2995
 889.000       4.5220
 890.000       4.7662
