#Res        AtomicFlx
 997.000       4.1673
 998.000       3.5623
 999.000       2.7701
1000.000       2.6511
1001.000       2.2765
1002.000       2.1625
1003.000       2.5109
1004.000       2.7416
1005.000       2.6812
1006.000       2.1706
1007.000       2.7298
1008.000       2.9679
1009.000       1.9997
1010.000       2.0561
1011.000       2.5374
1012.000       2.3095
1013.000       2.2626
1014.000       2.3714
1015.000       2.6456
1016.000       2.5318
1017.000       2.6542
1018.000       2.6956
1019.000       2.4019
1020.000       2.3986
1021.000       2.8049
1022.000       2.1641
1023.000       2.0173
1024.000       2.0592
1025.000       2.0887
1026.000       1.8447
1027.000       1.7773
1028.000       1.8315
1029.000       1.7856
1030.000       1.6648
1031.000       1.7430
1032.000       2.0456
1033.000       1.9289
1034.000       2.2803
1035.000       1.8174
1036.000       1.8458
1037.000       2.0681
1038.000       1.8316
1039.000       1.8874
1040.000       2.2349
1041.000       2.0212
1042.000       2.0001
1043.000       2.1933
1044.000       2.4077
1045.000       2.3105
1046.000       2.4468
1047.000       2.9776
1048.000       2.9780
1049.000       2.8131
1050.000       3.2788
1051.000       2.8123
1052.000       2.9064
1053.000       2.8170
1054.000       2.2454
1055.000       2.2225
1056.000       2.0965
1057.000       2.4797
1058.000       2.1619
1059.000       1.8625
1060.000       1.9767
1061.000       2.1789
1062.000       1.8440
1063.000       1.8439
1064.000       2.2673
1065.000       2.5418
1066.000       2.4635
1067.000       2.1349
1068.000       2.2030
1069.000       2.1175
1070.000       2.1742
1071.000       1.9616
1072.000       1.8978
1073.000       2.0366
1074.000       2.3013
1075.000       3.5531
1076.000       2.2092
1077.000       2.0532
1078.000       2.7352
1079.000       2.1809
