#Res        AtomicFlx
 400.000       5.3940
 401.000       5.1005
 402.000       5.9649
 403.000       5.6990
 404.000       4.1705
 405.000       3.5271
 406.000       3.2331
 407.000       4.0075
 408.000       3.5324
 409.000       2.5440
 410.000       3.3341
 411.000       2.6882
 412.000       2.4950
 413.000       2.2371
 414.000       2.5570
 415.000       2.3095
 416.000       2.3447
 417.000       2.2882
 418.000       2.1529
 419.000       2.0743
 420.000       1.8981
 421.000       2.0402
 422.000       2.2898
 423.000       2.4071
 424.000       2.3726
 425.000       1.8877
 426.000       2.7699
 427.000       2.1126
 428.000       2.0235
 429.000       1.9022
 430.000       2.3066
 431.000       2.4776
 432.000       1.8609
 433.000       2.0102
 434.000       2.5402
 435.000       2.3270
 436.000       2.0362
 437.000       2.2857
 438.000       3.1145
 439.000       2.7108
 440.000       2.1206
 441.000       2.2469
 442.000       1.9605
 443.000       2.0013
 444.000       2.3487
 445.000       2.0020
 446.000       1.8444
 447.000       1.9459
 448.000       2.1159
 449.000       1.9247
 450.000       1.7123
 451.000       1.7808
 452.000       1.8265
 453.000       1.6752
 454.000       1.6539
 455.000       1.7869
 456.000       1.7211
 457.000       1.7907
 458.000       1.6458
 459.000       1.7420
 460.000       1.8961
 461.000       1.7076
 462.000       1.7199
 463.000       1.9223
 464.000       1.7923
 465.000       1.6938
 466.000       1.9845
 467.000       1.8824
 468.000       1.7718
 469.000       1.8325
 470.000       2.3119
 471.000       2.3455
 472.000       2.5882
 473.000       2.8748
 474.000       2.2928
 475.000       2.1427
 476.000       2.1124
 477.000       1.8507
 478.000       1.7631
 479.000       1.7487
 480.000       1.9688
 481.000       1.7475
 482.000       1.5918
 483.000       2.0217
 484.000       1.5614
 485.000       1.5549
 486.000       1.8952
 487.000       1.8191
 488.000       1.7263
 489.000       2.2617
 490.000       3.6264
 491.000       4.5128
