#Frame   AVERAGE_00016 AVERAGE_00016[SD]
       1        7.1521            1.8024
       2        6.5253            1.8143
       3        7.2937            1.9319
       4        7.2204            1.8112
       5        5.5958            1.6097
       6        5.0815            1.3682
       7        4.3865            1.4250
       8        4.5950            1.4163
       9        4.1896            1.5764
      10        3.1829            1.3222
      11        3.7445            0.9925
      12        2.9669            0.8641
      13        2.7247            0.7755
      14        2.7489            0.6265
      15        3.1098            0.6411
      16        2.6661            0.6741
      17        2.6631            0.6570
      18        2.5891            0.7421
      19        2.2310            0.6989
      20        2.1993            0.6994
      21        2.1049            0.6718
      22        2.2482            0.7029
      23        2.4174            0.5957
      24        2.6701            0.6021
      25        2.6096            0.5846
      26        1.9962            0.6180
      27        2.5581            0.5662
      28        2.2720            0.6502
      29        2.2242            0.6457
      30        2.0092            0.5829
      31        2.4175            0.5431
      32        2.6260            0.5658
      33        2.0395            0.5291
      34        2.1377            0.5189
      35        2.6951            0.4774
      36        2.6083            0.4564
      37        2.2468            0.4373
      38        2.4782            0.4721
      39        3.4088            0.3866
      40        3.1617            0.6095
      41        2.3700            0.4959
      42        2.6254            0.6158
      43        2.1376            0.6061
      44        2.0790            0.6058
      45        2.5682            0.5977
      46        2.0851            0.6480
      47        1.8883            0.5896
      48        2.0351            0.6339
      49        2.2299            0.7063
      50        1.8909            0.5434
      51        1.7896            0.5674
      52        1.9101            0.6635
      53        1.8865            0.6122
      54        1.7358            0.5421
      55        1.7606            0.5616
      56        1.9195            0.6376
      57        1.8611            0.5737
      58        1.8491            0.5225
      59        1.8514            0.5934
      60        1.9239            0.6297
      61        2.2762            0.5099
      62        1.9781            0.5651
      63        2.0193            0.6487
      64        2.1760            0.5532
      65        2.0642            0.5559
      66        2.1064            0.6741
      67        2.3013            0.6900
      68        2.2407            0.6812
      69        2.2523            0.7041
      70        2.3746            0.7167
      71        2.6720            0.6514
      72        2.6465            0.5911
      73        2.7148            0.6533
      74        3.0848            0.6247
      75        2.9100            0.7379
      76        2.6810            0.7502
      77        2.9501            0.8983
      78        2.4093            0.7509
      79        2.3878            0.7632
      80        2.3474            0.7197
      81        2.6426            0.6932
      82        2.3257            0.7068
      83        2.0789            0.6520
      84        2.4823            0.5870
      85        2.1390            0.6542
      86        1.9973            0.5893
      87        2.2894            0.5986
      88        2.3851            0.5044
      89        2.2597            0.5310
      90        2.5240            0.4688
      91        3.8564            0.8709
      92        4.1611            0.7395
