#Res        AtomicFlx
 305.000       3.0803
 306.000       3.2366
 307.000       3.1294
 308.000       2.9759
 309.000       2.7497
 310.000       3.2569
 311.000       3.2687
 312.000       2.7665
 313.000       2.7755
 314.000       3.5116
 315.000       3.1473
 316.000       2.8821
 317.000       3.0653
 318.000       2.9920
 319.000       3.1247
 320.000       3.1425
 321.000       3.0728
 322.000       3.0077
 323.000       3.0808
 324.000       3.1274
 325.000       2.7444
 326.000       2.9847
 327.000       2.4895
 328.000       2.3416
 329.000       2.3657
 330.000       2.7683
 331.000       2.1626
 332.000       2.0703
 333.000       2.2834
 334.000       2.2953
 335.000       2.0788
 336.000       1.9822
 337.000       2.2826
 338.000       2.1965
 339.000       2.0297
 340.000       2.0586
 341.000       2.2426
 342.000       2.2011
 343.000       1.9990
 344.000       2.2181
 345.000       2.4109
 346.000       2.1435
 347.000       2.2254
 348.000       2.6193
 349.000       2.7164
 350.000       2.4829
 351.000       2.6993
 352.000       3.2082
 353.000       3.2011
 354.000       3.3048
 355.000       3.0087
 356.000       2.7231
 357.000       2.8650
 358.000       2.7403
 359.000       2.3790
 360.000       2.3936
 361.000       2.2379
 362.000       2.3147
 363.000       1.9812
 364.000       1.8784
 365.000       1.8867
 366.000       1.9149
 367.000       1.8017
 368.000       2.0239
 369.000       2.3932
 370.000       2.1133
 371.000       2.4256
 372.000       2.3741
 373.000       3.4887
 374.000       3.0961
 375.000       3.8926
 376.000       3.8869
 377.000       4.9315
