#Res        AtomicFlx
 997.000       4.3974
 998.000       6.2306
 999.000       4.8824
1000.000       3.3618
1001.000       3.0866
1002.000       3.1104
1003.000       3.3073
1004.000       3.3091
1005.000       4.0680
1006.000       2.7392
1007.000       2.7810
1008.000       3.2005
1009.000       2.5971
1010.000       2.3911
1011.000       2.6121
1012.000       2.7525
1013.000       2.7013
1014.000       2.6779
1015.000       2.5869
1016.000       2.3849
1017.000       2.1897
1018.000       2.2518
1019.000       2.2420
1020.000       2.2428
1021.000       2.6085
1022.000       2.2059
1023.000       2.2190
1024.000       2.4064
1025.000       2.4915
1026.000       2.3595
1027.000       2.4714
1028.000       2.6759
1029.000       2.6494
1030.000       2.5908
1031.000       2.7567
1032.000       3.0739
1033.000       2.8841
1034.000       3.3079
1035.000       3.0489
1036.000       3.2051
1037.000       3.2600
1038.000       3.2704
1039.000       3.4728
1040.000       3.7196
1041.000       3.6280
1042.000       3.7554
1043.000       3.9128
1044.000       4.0051
1045.000       4.1233
1046.000       4.2813
1047.000       4.4954
1048.000       4.6602
1049.000       4.6450
1050.000       5.0624
1051.000       4.6580
1052.000       4.6259
1053.000       4.6726
1054.000       3.9842
1055.000       3.9728
1056.000       3.7301
1057.000       4.0654
1058.000       3.9480
1059.000       3.5091
1060.000       3.4362
1061.000       3.6935
1062.000       3.4667
1063.000       3.2750
1064.000       3.3340
1065.000       3.6492
1066.000       3.1690
1067.000       3.1051
1068.000       2.8124
1069.000       2.9874
1070.000       3.5681
1071.000       2.7404
1072.000       2.7251
1073.000       2.9580
1074.000       2.8912
1075.000       2.8213
1076.000       2.7153
1077.000       2.8201
1078.000       3.0153
1079.000       3.2752
