#Res        AtomicFlx
 503.000       1.9052
 504.000       1.6699
 505.000       2.0982
 506.000       2.1169
 507.000       2.4827
 508.000       1.7049
 509.000       1.7860
 510.000       2.4320
 511.000       2.1469
 512.000       2.6685
 513.000       2.3326
 514.000       2.7435
 515.000       2.0875
 516.000       1.4565
 517.000       1.3659
 518.000       1.5616
 519.000       1.4330
 520.000       1.8075
 521.000       1.1396
 522.000       1.2927
 523.000       1.1759
 524.000       1.2600
 525.000       1.1063
 526.000       1.1185
 527.000       1.2615
 528.000       1.1194
 529.000       0.9849
 530.000       1.0357
 531.000       1.3091
 532.000       1.2614
 533.000       1.0220
 534.000       1.2315
 535.000       1.3568
 536.000       1.1218
 537.000       1.1775
 538.000       1.5316
 539.000       1.1671
 540.000       1.1626
 541.000       1.2520
 542.000       1.3789
 543.000       1.2458
 544.000       1.1796
 545.000       1.3021
 546.000       2.1733
 547.000       1.7646
 548.000       2.0051
 549.000       1.6478
 550.000       1.2891
 551.000       1.1825
 552.000       1.3997
 553.000       1.1865
 554.000       1.2601
 555.000       1.1212
 556.000       1.1349
 557.000       1.2357
 558.000       1.1782
 559.000       1.1631
 560.000       1.1639
 561.000       1.3327
 562.000       1.5212
 563.000       1.2932
 564.000       1.6119
 565.000       1.8137
 566.000       2.7870
 567.000       2.7121
 568.000       1.8178
 569.000       1.4247
 570.000       2.6389
 571.000       1.8447
 572.000       1.2480
 573.000       1.2914
 574.000       1.3384
 575.000       1.6623
 576.000       1.2650
 577.000       1.3858
 578.000       1.7168
 579.000       1.4381
 580.000       1.5459
 581.000       1.6849
 582.000       2.4451
 583.000       2.4319
 584.000       3.1013
 585.000       4.2814
 586.000       4.6368
 587.000       5.8464
 588.000       5.6384
 589.000       5.3848
 590.000       6.2908
