#Res        AtomicFlx
 902.000       2.1202
 903.000       1.9829
 904.000       2.6486
 905.000       2.4474
 906.000       2.7777
 907.000       2.3009
 908.000       2.4428
 909.000       2.8565
 910.000       2.3455
 911.000       2.9827
 912.000       2.6632
 913.000       3.3592
 914.000       2.6472
 915.000       2.6498
 916.000       2.4626
 917.000       2.6232
 918.000       2.4065
 919.000       2.6943
 920.000       2.0860
 921.000       2.3084
 922.000       2.2280
 923.000       2.0438
 924.000       1.8947
 925.000       2.1590
 926.000       2.1892
 927.000       1.7471
 928.000       1.8188
 929.000       1.9312
 930.000       2.0168
 931.000       1.7788
 932.000       1.8119
 933.000       2.0171
 934.000       1.8504
 935.000       1.7830
 936.000       1.9298
 937.000       2.0936
 938.000       2.1459
 939.000       2.0204
 940.000       2.0903
 941.000       2.1801
 942.000       2.0223
 943.000       1.9254
 944.000       2.1063
 945.000       2.5605
 946.000       2.5358
 947.000       2.7616
 948.000       2.4621
 949.000       2.3329
 950.000       2.2045
 951.000       2.6285
 952.000       2.1416
 953.000       2.2886
 954.000       2.1026
 955.000       1.8081
 956.000       1.9086
 957.000       1.9981
 958.000       1.7212
 959.000       1.5786
 960.000       1.6589
 961.000       1.9486
 962.000       1.7772
 963.000       2.3115
 964.000       2.4441
 965.000       3.4879
 966.000       3.6249
 967.000       2.4403
 968.000       1.9875
 969.000       3.3155
 970.000       2.5477
 971.000       1.9458
 972.000       2.0086
 973.000       2.2798
 974.000       2.6019
 975.000       2.0680
 976.000       2.4342
 977.000       2.9683
 978.000       2.7431
 979.000       2.7540
 980.000       3.2131
 981.000       4.0617
 982.000       4.4130
 983.000       4.5520
 984.000       6.1801
 985.000       6.4066
 986.000       8.1367
 987.000       7.9317
 988.000       7.1743
 989.000       7.2459
