#Res        AtomicFlx
 400.000       8.1244
 401.000       8.1328
 402.000       9.4890
 403.000       9.3919
 404.000       7.6840
 405.000       7.2991
 406.000       7.0428
 407.000       7.4580
 408.000       7.7933
 409.000       6.2869
 410.000       5.9151
 411.000       4.6830
 412.000       4.1753
 413.000       3.9259
 414.000       4.2784
 415.000       3.9330
 416.000       3.7987
 417.000       4.0692
 418.000       3.5388
 419.000       3.4581
 420.000       3.2565
 421.000       3.3113
 422.000       3.4146
 423.000       3.5358
 424.000       3.5431
 425.000       2.9798
 426.000       3.3729
 427.000       3.1574
 428.000       2.9957
 429.000       2.7822
 430.000       3.1909
 431.000       3.2719
 432.000       2.5987
 433.000       2.6854
 434.000       3.1777
 435.000       2.8942
 436.000       2.4793
 437.000       2.7762
 438.000       3.5241
 439.000       3.2651
 440.000       2.7776
 441.000       3.3739
 442.000       3.0433
 443.000       2.9602
 444.000       3.4651
 445.000       3.1244
 446.000       2.8283
 447.000       3.0992
 448.000       3.4901
 449.000       2.8719
 450.000       2.7739
 451.000       3.1033
 452.000       3.0346
 453.000       2.7425
 454.000       2.7784
 455.000       3.1148
 456.000       2.9310
 457.000       2.7710
 458.000       2.8996
 459.000       3.0996
 460.000       3.0132
 461.000       2.8891
 462.000       3.0930
 463.000       3.1824
 464.000       2.9833
 465.000       3.1220
 466.000       3.4301
 467.000       3.3521
 468.000       3.2614
 469.000       3.4221
 470.000       3.6880
 471.000       3.5978
 472.000       3.6152
 473.000       4.0343
 474.000       3.8436
 475.000       3.7831
 476.000       3.9186
 477.000       3.4946
 478.000       3.3402
 479.000       3.0961
 480.000       3.2697
 481.000       3.2111
 482.000       2.8962
 483.000       2.9688
 484.000       2.7929
 485.000       2.7080
 486.000       2.8592
 487.000       2.6918
 488.000       2.6852
 489.000       2.7250
 490.000       4.0102
 491.000       4.6953
