#Res        AtomicFlx
 704.000       2.7751
 705.000       3.1415
 706.000       2.8210
 707.000       2.6578
 708.000       2.8613
 709.000       3.3642
 710.000       2.8483
 711.000       2.6467
 712.000       2.8999
 713.000       3.3016
 714.000       2.5890
 715.000       2.6812
 716.000       2.9043
 717.000       3.1271
 718.000       3.5189
 719.000       3.6166
 720.000       3.5779
 721.000       3.6309
 722.000       3.7717
 723.000       4.2372
 724.000       3.3133
 725.000       3.3548
 726.000       3.1512
 727.000       2.8904
 728.000       2.5648
 729.000       2.4790
 730.000       2.5808
 731.000       3.0536
 732.000       2.2570
 733.000       2.4728
 734.000       2.5547
 735.000       2.0919
 736.000       2.0028
 737.000       2.2387
 738.000       2.0908
 739.000       1.8202
 740.000       1.8787
 741.000       2.0966
 742.000       1.8656
 743.000       1.7244
 744.000       2.0180
 745.000       1.9382
 746.000       1.7664
 747.000       1.9208
 748.000       2.2340
 749.000       2.0403
 750.000       2.0775
 751.000       2.5199
 752.000       2.4132
 753.000       2.3206
 754.000       2.0571
 755.000       1.9284
 756.000       2.0921
 757.000       1.9710
 758.000       1.9276
 759.000       1.8488
 760.000       1.7218
 761.000       2.0463
 762.000       1.9777
 763.000       1.8104
 764.000       2.0077
 765.000       2.6735
 766.000       2.3028
 767.000       2.2954
 768.000       3.0943
 769.000       2.3538
 770.000       2.6901
 771.000       2.0283
 772.000       3.8279
 773.000       3.8217
 774.000       3.8984
 775.000       5.1511
 776.000       5.0507
