#Res        AtomicFlx
 503.000       2.7089
 504.000       2.4945
 505.000       3.0427
 506.000       3.2007
 507.000       2.6871
 508.000       2.4643
 509.000       2.9763
 510.000       3.5670
 511.000       2.7919
 512.000       3.3254
 513.000       3.1717
 514.000       3.3182
 515.000       2.6254
 516.000       2.3739
 517.000       2.2269
 518.000       2.5615
 519.000       2.5113
 520.000       2.7460
 521.000       2.1091
 522.000       2.1890
 523.000       2.3051
 524.000       2.3076
 525.000       1.9913
 526.000       2.0956
 527.000       2.2904
 528.000       1.8601
 529.000       1.8040
 530.000       1.9374
 531.000       2.0796
 532.000       1.8673
 533.000       1.7854
 534.000       2.1049
 535.000       2.0379
 536.000       1.7422
 537.000       1.9228
 538.000       2.1104
 539.000       1.8323
 540.000       1.9130
 541.000       2.1209
 542.000       2.1791
 543.000       2.0112
 544.000       1.9173
 545.000       2.1268
 546.000       2.9288
 547.000       2.6837
 548.000       2.9094
 549.000       2.6166
 550.000       2.4450
 551.000       2.2653
 552.000       2.2867
 553.000       2.0262
 554.000       2.0113
 555.000       1.8437
 556.000       1.7744
 557.000       1.7739
 558.000       1.7010
 559.000       1.6489
 560.000       1.6283
 561.000       1.6466
 562.000       1.7465
 563.000       1.7963
 564.000       2.1581
 565.000       2.2039
 566.000       2.9996
 567.000       3.0341
 568.000       2.6082
 569.000       2.0960
 570.000       2.9025
 571.000       2.4814
 572.000       2.0338
 573.000       1.8599
 574.000       1.9892
 575.000       2.3948
 576.000       2.0174
 577.000       2.0286
 578.000       2.4931
 579.000       2.2213
 580.000       2.2373
 581.000       2.4414
 582.000       3.1323
 583.000       2.8198
 584.000       2.8104
 585.000       3.1390
 586.000       3.5049
 587.000       4.7282
 588.000       5.0490
 589.000       4.1659
 590.000       5.6537
