#Res        AtomicFlx
 338.000       0.9735
 339.000       1.1165
 340.000       0.9271
 341.000       0.8259
 342.000       0.9896
 343.000       1.6783
 344.000       1.1247
 345.000       0.7577
 346.000       1.7257
 347.000       1.7911
 348.000       0.8628
 349.000       0.8004
 350.000       1.2332
 351.000       0.9239
 352.000       0.8944
 353.000       1.6238
 354.000       0.8895
 355.000       0.7767
 356.000       0.7670
 357.000       1.2145
 358.000       1.1648
 359.000       0.9004
 360.000       0.8282
 361.000       0.7761
 362.000       1.2967
 363.000       1.0889
 364.000       0.8445
 365.000       0.8006
 366.000       1.0861
 367.000       1.3605
 368.000       0.8852
 369.000       0.8958
 370.000       1.2543
 371.000       1.6522
 372.000       1.6591
 373.000       1.4236
 374.000       1.3328
 375.000       1.8036
 376.000       1.0535
 377.000       1.3286
 378.000       0.9747
 379.000       1.0467
 380.000       1.2570
 381.000       0.9258
 382.000       0.7476
 383.000       0.7933
 384.000       1.2170
 385.000       0.7030
 386.000       0.7968
 387.000       0.7322
 388.000       0.9529
 389.000       0.6680
 390.000       0.7181
 391.000       0.8497
 392.000       0.6920
 393.000       0.9583
 394.000       0.7362
 395.000       0.8158
 396.000       0.7003
 397.000       0.7347
 398.000       0.9381
 399.000       1.1127
 400.000       0.7196
 401.000       0.6851
 402.000       0.7592
 403.000       0.8816
 404.000       0.7357
 405.000       0.7370
 406.000       0.8008
 407.000       0.7886
 408.000       0.8407
 409.000       1.2730
 410.000       0.8021
 411.000       0.9448
 412.000       0.7827
 413.000       0.7241
 414.000       0.9080
 415.000       0.7697
 416.000       0.9909
 417.000       0.7298
 418.000       0.7862
 419.000       1.3986
 420.000       0.7505
 421.000       0.7261
 422.000       1.1298
 423.000       1.7047
 424.000       0.8694
 425.000       0.8562
 426.000       1.0440
 427.000       1.8703
 428.000       4.2329
 429.000       3.1111
