#Res        AtomicFlx
 338.000       0.8817
 339.000       0.9819
 340.000       0.8271
 341.000       0.7549
 342.000       0.9545
 343.000       1.6712
 344.000       1.1403
 345.000       0.6593
 346.000       1.3172
 347.000       1.6577
 348.000       0.7666
 349.000       0.7187
 350.000       1.1558
 351.000       0.8612
 352.000       0.8882
 353.000       1.7321
 354.000       0.9747
 355.000       0.7583
 356.000       0.7959
 357.000       0.8312
 358.000       1.1793
 359.000       0.8944
 360.000       0.8282
 361.000       0.7624
 362.000       1.2729
 363.000       1.0402
 364.000       0.8249
 365.000       0.8733
 366.000       1.1601
 367.000       1.2446
 368.000       0.9139
 369.000       0.9771
 370.000       1.4172
 371.000       1.7380
 372.000       1.5934
 373.000       1.5469
 374.000       1.5071
 375.000       1.8799
 376.000       1.1879
 377.000       1.1443
 378.000       1.1372
 379.000       1.1475
 380.000       1.5043
 381.000       0.9884
 382.000       0.7944
 383.000       0.7996
 384.000       1.2228
 385.000       0.7394
 386.000       0.7947
 387.000       0.7527
 388.000       0.9409
 389.000       0.6744
 390.000       0.7237
 391.000       0.9086
 392.000       0.6192
 393.000       0.8584
 394.000       0.6958
 395.000       0.7863
 396.000       0.7118
 397.000       0.7210
 398.000       0.8220
 399.000       1.1057
 400.000       0.8845
 401.000       0.6854
 402.000       0.7312
 403.000       0.9037
 404.000       0.7481
 405.000       0.7370
 406.000       0.7848
 407.000       0.7944
 408.000       0.8529
 409.000       1.3009
 410.000       0.8230
 411.000       0.9329
 412.000       0.7881
 413.000       0.7209
 414.000       0.9419
 415.000       0.7893
 416.000       1.0606
 417.000       0.7456
 418.000       0.8710
 419.000       1.2409
 420.000       0.7678
 421.000       0.7827
 422.000       1.3152
 423.000       1.4741
 424.000       0.8549
 425.000       1.0633
 426.000       1.5773
 427.000       2.7339
 428.000       5.5221
 429.000       7.8291
