#Res        AtomicFlx
 825.000       0.8215
 826.000       0.8399
 827.000       0.7858
 828.000       0.7272
 829.000       0.9335
 830.000       0.9319
 831.000       1.0907
 832.000       0.6784
 833.000       1.4475
 834.000       1.4847
 835.000       0.7713
 836.000       0.7543
 837.000       1.1865
 838.000       0.8654
 839.000       0.8684
 840.000       1.4912
 841.000       0.8556
 842.000       0.7154
 843.000       0.7438
 844.000       1.3639
 845.000       1.0822
 846.000       0.8840
 847.000       0.8268
 848.000       0.7554
 849.000       1.2057
 850.000       1.0004
 851.000       0.8140
 852.000       0.7915
 853.000       1.1265
 854.000       1.1114
 855.000       0.8661
 856.000       0.8974
 857.000       1.5458
 858.000       1.6334
 859.000       1.5084
 860.000       1.3205
 861.000       1.5119
 862.000       1.8695
 863.000       0.9847
 864.000       1.0015
 865.000       0.9515
 866.000       1.1110
 867.000       1.3914
 868.000       0.9197
 869.000       0.7341
 870.000       0.7719
 871.000       1.2274
 872.000       0.6912
 873.000       0.8374
 874.000       0.6927
 875.000       0.9230
 876.000       0.6549
 877.000       0.6670
 878.000       0.8427
 879.000       0.6721
 880.000       0.9288
 881.000       0.7001
 882.000       0.7048
 883.000       0.6852
 884.000       0.7392
 885.000       0.8803
 886.000       1.1403
 887.000       0.8969
 888.000       0.6742
 889.000       0.7265
 890.000       0.9121
 891.000       0.7512
 892.000       0.7300
 893.000       0.7778
 894.000       0.7952
 895.000       0.8484
 896.000       1.2789
 897.000       0.8123
 898.000       0.9141
 899.000       0.7735
 900.000       0.7100
 901.000       0.9119
 902.000       0.8020
 903.000       0.9995
 904.000       0.8826
 905.000       0.9137
 906.000       1.3588
 907.000       0.8186
 908.000       0.7985
 909.000       1.3628
 910.000       1.5626
 911.000       0.9259
 912.000       1.0557
 913.000       1.2891
 914.000       2.8731
 915.000       4.2899
 916.000       4.2322
