#Res        AtomicFlx
 825.000       1.3410
 826.000       1.4541
 827.000       1.4327
 828.000       1.2539
 829.000       1.3199
 830.000       1.8261
 831.000       1.5027
 832.000       1.0423
 833.000       1.8661
 834.000       1.8558
 835.000       1.0948
 836.000       0.9878
 837.000       1.3655
 838.000       1.0532
 839.000       0.9884
 840.000       1.7274
 841.000       1.0592
 842.000       0.9784
 843.000       1.0070
 844.000       1.6718
 845.000       1.3412
 846.000       1.1871
 847.000       1.1637
 848.000       1.0281
 849.000       1.5098
 850.000       1.3593
 851.000       1.1060
 852.000       1.0832
 853.000       1.2477
 854.000       1.3311
 855.000       1.1096
 856.000       1.1531
 857.000       1.6309
 858.000       1.6694
 859.000       1.4950
 860.000       1.4829
 861.000       1.5195
 862.000       1.8128
 863.000       1.2306
 864.000       1.3991
 865.000       1.2323
 866.000       1.1881
 867.000       1.2388
 868.000       1.0589
 869.000       0.9401
 870.000       0.9994
 871.000       1.3709
 872.000       0.8546
 873.000       0.9227
 874.000       0.9334
 875.000       1.0588
 876.000       0.8109
 877.000       0.8918
 878.000       1.0388
 879.000       0.8405
 880.000       0.9823
 881.000       0.9248
 882.000       0.9527
 883.000       0.8904
 884.000       0.9513
 885.000       1.1290
 886.000       1.2797
 887.000       1.0033
 888.000       0.9581
 889.000       1.0135
 890.000       1.0948
 891.000       0.9717
 892.000       1.0307
 893.000       1.0467
 894.000       0.9849
 895.000       1.1062
 896.000       1.5141
 897.000       1.1351
 898.000       1.2601
 899.000       1.1505
 900.000       1.0748
 901.000       1.2355
 902.000       1.1245
 903.000       1.3409
 904.000       1.0374
 905.000       1.1045
 906.000       1.6640
 907.000       1.0867
 908.000       0.9655
 909.000       1.5349
 910.000       1.7508
 911.000       1.0276
 912.000       1.1403
 913.000       1.4913
 914.000       2.5609
 915.000       5.3187
 916.000       4.8847
