#Res        AtomicFlx
1180.000       1.0116
1181.000       0.9597
1182.000       1.2757
1183.000       1.0547
1184.000       0.8598
1185.000       1.6239
1186.000       1.2562
1187.000       0.8966
1188.000       0.9847
1189.000       1.4396
1190.000       1.6285
1191.000       1.1142
1192.000       1.2397
1193.000       1.4255
1194.000       1.7779
1195.000       1.1206
1196.000       0.9382
1197.000       0.8751
1198.000       0.8675
1199.000       1.0981
1200.000       1.3416
1201.000       0.7408
1202.000       1.0645
1203.000       0.9033
1204.000       0.7608
1205.000       0.7917
1206.000       0.8524
1207.000       0.7766
1208.000       0.9541
1209.000       0.6807
1210.000       0.8806
1211.000       0.9318
1212.000       0.7535
1213.000       0.9664
1214.000       1.3577
1215.000       1.0724
1216.000       0.7588
1217.000       0.7825
1218.000       0.8583
1219.000       1.0859
1220.000       0.8169
1221.000       0.9178
1222.000       0.9789
1223.000       0.8864
1224.000       0.9283
1225.000       1.2021
1226.000       0.9200
1227.000       1.3327
1228.000       1.4301
1229.000       1.5291
1230.000       1.0979
1231.000       0.8873
1232.000       0.8072
1233.000       0.7839
1234.000       0.8624
1235.000       1.4894
1236.000       0.9111
1237.000       0.7358
1238.000       1.1633
1239.000       0.8009
1240.000       0.7652
1241.000       0.8409
1242.000       1.2978
1243.000       0.8754
1244.000       1.0940
1245.000       0.9615
1246.000       1.0614
1247.000       1.1485
1248.000       1.7940
1249.000       1.1002
1250.000       0.9001
1251.000       1.4286
1252.000       1.4585
1253.000       0.8214
1254.000       0.8652
1255.000       1.0036
1256.000       1.1159
1257.000       0.7904
1258.000       0.9168
1259.000       1.2911
1260.000       0.8170
1261.000       0.9517
1262.000       1.0994
1263.000       1.3452
1264.000       1.0276
1265.000       1.4044
1266.000       2.7238
1267.000       4.4514
