#Res        AtomicFlx
 946.000       0.8767
 947.000       1.1239
 948.000       0.7031
 949.000       0.6808
 950.000       0.6799
 951.000       1.1271
 952.000       0.7543
 953.000       0.6774
 954.000       0.5989
 955.000       0.6255
 956.000       0.6682
 957.000       0.6552
 958.000       0.6563
 959.000       0.6323
 960.000       0.7133
 961.000       0.8389
 962.000       0.6687
 963.000       0.6915
 964.000       0.7286
 965.000       0.7973
 966.000       0.6709
 967.000       0.7434
 968.000       1.3351
 969.000       0.9870
 970.000       0.6911
 971.000       0.8414
 972.000       0.7457
 973.000       0.7817
 974.000       0.7227
 975.000       1.0576
 976.000       0.8510
 977.000       0.7200
 978.000       0.8521
 979.000       1.3053
 980.000       1.1468
 981.000       0.7826
 982.000       0.7993
 983.000       1.4849
 984.000       0.8933
 985.000       0.7533
 986.000       0.8775
 987.000       0.8638
 988.000       0.7624
 989.000       0.8178
 990.000       1.3610
 991.000       0.9750
 992.000       0.9147
 993.000       1.3650
 994.000       0.8640
 995.000       1.2454
 996.000       0.8619
 997.000       0.8528
 998.000       0.8031
 999.000       0.7240
1000.000       1.2613
1001.000       0.9112
1002.000       0.7062
1003.000       0.7273
1004.000       0.8114
1005.000       0.7517
1006.000       0.7384
1007.000       0.9757
1008.000       1.2711
1009.000       0.8983
1010.000       0.8974
1011.000       1.1197
1012.000       0.9382
1013.000       0.7739
1014.000       0.6953
1015.000       1.0220
1016.000       1.2607
1017.000       2.0899
1018.000       3.4582
