#Res        AtomicFlx
 459.000       0.8424
 460.000       1.1403
 461.000       0.8070
 462.000       0.7736
 463.000       0.7815
 464.000       1.0581
 465.000       1.0535
 466.000       0.7395
 467.000       0.6924
 468.000       0.7434
 469.000       0.7449
 470.000       0.7378
 471.000       0.7365
 472.000       0.7261
 473.000       0.8328
 474.000       0.8313
 475.000       0.7672
 476.000       0.7916
 477.000       0.8488
 478.000       0.8973
 479.000       0.7696
 480.000       0.8428
 481.000       1.3989
 482.000       1.0697
 483.000       0.8272
 484.000       0.8645
 485.000       0.8200
 486.000       0.8340
 487.000       0.7684
 488.000       1.1058
 489.000       0.8994
 490.000       0.8004
 491.000       0.8864
 492.000       1.2449
 493.000       1.1535
 494.000       0.7497
 495.000       0.7488
 496.000       1.7003
 497.000       0.7472
 498.000       0.6984
 499.000       0.7278
 500.000       0.7198
 501.000       0.7330
 502.000       0.7562
 503.000       1.4041
 504.000       0.9445
 505.000       0.8866
 506.000       1.3231
 507.000       0.8315
 508.000       1.2623
 509.000       0.8430
 510.000       0.7956
 511.000       0.7864
 512.000       0.7569
 513.000       1.2691
 514.000       0.8124
 515.000       0.6807
 516.000       0.7097
 517.000       0.8136
 518.000       0.6973
 519.000       0.7183
 520.000       1.0639
 521.000       1.1607
 522.000       1.0144
 523.000       0.9665
 524.000       1.5234
 525.000       0.9540
 526.000       0.7933
 527.000       0.8131
 528.000       0.9341
 529.000       1.0243
 530.000       1.9682
 531.000       3.6708
