#Res        AtomicFlx
1034.000       1.2853
1035.000       1.7150
1036.000       0.9625
1037.000       1.1375
1038.000       1.5265
1039.000       0.8902
1040.000       0.9292
1041.000       0.8169
1042.000       1.0236
1043.000       0.9654
1044.000       0.7801
1045.000       0.8189
1046.000       0.8077
1047.000       0.8543
1048.000       0.7132
1049.000       0.9840
1050.000       1.0945
1051.000       0.8967
1052.000       0.9152
1053.000       1.6441
1054.000       1.6441
1055.000       0.9439
1056.000       1.5193
1057.000       0.8301
1058.000       0.8806
1059.000       1.4370
1060.000       1.0044
1061.000       0.8713
1062.000       0.8438
1063.000       0.9083
1064.000       0.7750
1065.000       0.6828
1066.000       0.7021
1067.000       0.7269
1068.000       0.7435
1069.000       0.6832
1070.000       0.6548
1071.000       0.6945
1072.000       0.7417
1073.000       0.7005
1074.000       0.8529
1075.000       0.8704
1076.000       0.7786
1077.000       0.7204
1078.000       0.8059
1079.000       1.1787
1080.000       0.9305
1081.000       0.8382
1082.000       1.3649
1083.000       1.1018
1084.000       0.9051
1085.000       1.0106
1086.000       1.4311
1087.000       1.0943
1088.000       1.0468
1089.000       1.9067
1090.000       1.7620
1091.000       1.5813
1092.000       1.6757
1093.000       1.2361
1094.000       1.1551
1095.000       1.3977
1096.000       0.7912
1097.000       0.8265
1098.000       0.8083
1099.000       0.8886
1100.000       0.9028
1101.000       0.8761
1102.000       1.2467
1103.000       1.3394
1104.000       1.1621
1105.000       1.3659
1106.000       2.1445
1107.000       1.9728
1108.000       2.5682
1109.000       2.9438
1110.000       2.8200
1111.000       1.9179
1112.000       2.0955
1113.000       2.3791
1114.000       1.7755
1115.000       1.8650
1116.000       2.1724
