#Res        AtomicFlx
 693.000       0.9151
 694.000       0.9858
 695.000       1.2964
 696.000       1.0168
 697.000       0.9205
 698.000       1.5626
 699.000       1.3226
 700.000       0.9867
 701.000       1.1285
 702.000       1.5456
 703.000       1.7315
 704.000       1.3387
 705.000       2.0762
 706.000       1.9348
 707.000       1.9254
 708.000       1.1716
 709.000       0.9872
 710.000       0.9406
 711.000       0.9777
 712.000       1.1393
 713.000       1.3404
 714.000       0.8217
 715.000       1.0689
 716.000       0.8885
 717.000       0.7868
 718.000       0.8024
 719.000       0.9019
 720.000       0.7701
 721.000       1.0098
 722.000       0.7530
 723.000       0.9451
 724.000       0.9552
 725.000       0.7988
 726.000       0.9702
 727.000       1.3383
 728.000       1.2057
 729.000       0.8145
 730.000       0.8288
 731.000       0.9042
 732.000       1.0763
 733.000       0.9297
 734.000       1.0462
 735.000       1.3206
 736.000       1.0641
 737.000       1.0964
 738.000       1.2883
 739.000       1.0909
 740.000       1.3507
 741.000       1.5907
 742.000       1.9708
 743.000       1.3518
 744.000       1.0344
 745.000       0.9389
 746.000       0.8777
 747.000       0.9157
 748.000       1.7846
 749.000       1.0480
 750.000       0.8142
 751.000       1.2156
 752.000       0.9603
 753.000       0.9159
 754.000       0.9699
 755.000       1.5265
 756.000       1.0782
 757.000       1.1617
 758.000       1.2159
 759.000       1.3852
 760.000       1.5142
 761.000       2.1712
 762.000       1.3674
 763.000       1.1735
 764.000       1.7372
 765.000       1.7189
 766.000       1.0011
 767.000       1.0563
 768.000       1.2027
 769.000       1.2560
 770.000       0.9093
 771.000       1.0664
 772.000       1.4350
 773.000       0.9249
 774.000       1.0465
 775.000       1.1870
 776.000       1.4467
 777.000       1.1074
 778.000       1.3278
 779.000       2.2592
 780.000       4.6537
