#Res        AtomicFlx
 693.000       1.0683
 694.000       1.0222
 695.000       1.3253
 696.000       1.0415
 697.000       0.8742
 698.000       1.5720
 699.000       1.2271
 700.000       0.9107
 701.000       0.9618
 702.000       1.4607
 703.000       1.6760
 704.000       1.1226
 705.000       1.6719
 706.000       1.3868
 707.000       1.8692
 708.000       1.2211
 709.000       1.0346
 710.000       0.9168
 711.000       0.9328
 712.000       1.1023
 713.000       1.3783
 714.000       0.7350
 715.000       1.0765
 716.000       0.8594
 717.000       0.7290
 718.000       0.8063
 719.000       0.9604
 720.000       0.7405
 721.000       0.9660
 722.000       0.7363
 723.000       0.9822
 724.000       0.9081
 725.000       0.7458
 726.000       0.9532
 727.000       1.1879
 728.000       1.0985
 729.000       0.7382
 730.000       0.7753
 731.000       0.8322
 732.000       1.0345
 733.000       0.8887
 734.000       1.0162
 735.000       1.5674
 736.000       1.1066
 737.000       1.1419
 738.000       1.5952
 739.000       1.0947
 740.000       1.5017
 741.000       1.7630
 742.000       1.7229
 743.000       1.3087
 744.000       1.1381
 745.000       1.0137
 746.000       0.9947
 747.000       1.0434
 748.000       1.4486
 749.000       1.1242
 750.000       0.8727
 751.000       1.2693
 752.000       0.9256
 753.000       0.8509
 754.000       0.9508
 755.000       1.5711
 756.000       0.9343
 757.000       1.0668
 758.000       1.1263
 759.000       1.3327
 760.000       1.3413
 761.000       2.0469
 762.000       1.2915
 763.000       1.0522
 764.000       1.6296
 765.000       1.5959
 766.000       0.9682
 767.000       1.0490
 768.000       1.2225
 769.000       1.2725
 770.000       0.9952
 771.000       1.1732
 772.000       1.4898
 773.000       1.0607
 774.000       1.1997
 775.000       1.3529
 776.000       1.5667
 777.000       1.3048
 778.000       1.5648
 779.000       2.8444
 780.000       4.3951
