#Res        AtomicFlx
 693.000       1.0182
 694.000       0.8163
 695.000       1.0674
 696.000       0.9079
 697.000       0.8137
 698.000       1.8429
 699.000       1.0826
 700.000       0.8404
 701.000       0.9262
 702.000       1.3620
 703.000       1.5768
 704.000       1.0602
 705.000       1.6387
 706.000       1.4003
 707.000       1.9318
 708.000       1.0989
 709.000       0.9129
 710.000       0.8682
 711.000       0.9064
 712.000       1.1424
 713.000       1.3927
 714.000       0.7759
 715.000       1.0547
 716.000       0.9177
 717.000       0.7837
 718.000       0.7852
 719.000       0.8244
 720.000       0.7816
 721.000       0.9971
 722.000       0.7450
 723.000       1.0215
 724.000       0.9871
 725.000       0.8390
 726.000       1.0481
 727.000       1.4709
 728.000       1.1952
 729.000       0.8855
 730.000       0.9451
 731.000       1.0550
 732.000       1.2972
 733.000       1.0156
 734.000       1.1940
 735.000       2.0264
 736.000       1.2745
 737.000       1.3093
 738.000       1.6963
 739.000       1.3938
 740.000       1.9908
 741.000       2.0741
 742.000       2.3839
 743.000       1.8209
 744.000       1.3423
 745.000       1.0254
 746.000       0.9487
 747.000       1.0045
 748.000       1.5877
 749.000       0.9720
 750.000       0.8525
 751.000       1.2539
 752.000       0.9419
 753.000       0.8982
 754.000       0.9301
 755.000       1.5447
 756.000       1.0213
 757.000       1.1404
 758.000       1.1144
 759.000       1.2811
 760.000       1.3564
 761.000       1.9743
 762.000       1.2744
 763.000       1.0617
 764.000       1.6290
 765.000       1.6177
 766.000       0.9393
 767.000       1.0273
 768.000       1.1678
 769.000       1.2249
 770.000       0.9407
 771.000       1.1575
 772.000       1.4256
 773.000       0.9882
 774.000       1.1420
 775.000       1.2630
 776.000       1.4377
 777.000       1.3235
 778.000       1.5409
 779.000       2.5532
 780.000       3.5476
