#Res        AtomicFlx
 547.000       1.1833
 548.000       1.0186
 549.000       0.9835
 550.000       1.1411
 551.000       1.6033
 552.000       0.9227
 553.000       0.9690
 554.000       0.8483
 555.000       1.1187
 556.000       1.0065
 557.000       0.7435
 558.000       0.7271
 559.000       0.7597
 560.000       0.8009
 561.000       0.7015
 562.000       0.9061
 563.000       1.1360
 564.000       0.8364
 565.000       0.9139
 566.000       1.4700
 567.000       1.6337
 568.000       0.9915
 569.000       1.5493
 570.000       0.9845
 571.000       1.1641
 572.000       1.6492
 573.000       1.2174
 574.000       0.9196
 575.000       0.8397
 576.000       0.9131
 577.000       0.7858
 578.000       0.7039
 579.000       0.7044
 580.000       0.7267
 581.000       0.7687
 582.000       0.6882
 583.000       0.6521
 584.000       0.6839
 585.000       0.7044
 586.000       0.6958
 587.000       0.8976
 588.000       1.0074
 589.000       0.7860
 590.000       0.6929
 591.000       0.7405
 592.000       1.1320
 593.000       0.7859
 594.000       0.7531
 595.000       1.2316
 596.000       0.9309
 597.000       0.7879
 598.000       0.9155
 599.000       1.3394
 600.000       1.0476
 601.000       1.0295
 602.000       1.7828
 603.000       1.7850
 604.000       1.6217
 605.000       1.7482
 606.000       1.2766
 607.000       1.2452
 608.000       1.2344
 609.000       0.7441
 610.000       0.7859
 611.000       0.7561
 612.000       1.0895
 613.000       0.8117
 614.000       0.7625
 615.000       1.1753
 616.000       1.1938
 617.000       0.8544
 618.000       1.0016
 619.000       1.4495
 620.000       1.2801
 621.000       1.4699
 622.000       1.5565
 623.000       1.6246
 624.000       1.2963
 625.000       1.2051
 626.000       1.4847
 627.000       1.4216
 628.000       1.2194
 629.000       1.2279
