#Res        AtomicFlx
 693.000       0.8181
 694.000       0.7987
 695.000       0.9108
 696.000       0.8623
 697.000       0.7507
 698.000       1.3983
 699.000       0.9935
 700.000       0.7598
 701.000       0.8526
 702.000       1.2660
 703.000       1.5283
 704.000       0.9760
 705.000       1.4614
 706.000       1.2677
 707.000       1.7351
 708.000       1.0151
 709.000       0.8437
 710.000       0.8039
 711.000       0.8315
 712.000       1.0698
 713.000       1.3601
 714.000       0.7304
 715.000       0.9837
 716.000       0.9286
 717.000       0.7904
 718.000       0.7722
 719.000       0.9521
 720.000       0.8158
 721.000       0.9783
 722.000       0.7245
 723.000       1.0408
 724.000       0.9843
 725.000       0.7649
 726.000       0.9437
 727.000       1.2837
 728.000       1.2112
 729.000       0.7108
 730.000       0.7194
 731.000       0.7711
 732.000       1.0767
 733.000       0.7445
 734.000       0.8695
 735.000       1.2190
 736.000       0.9023
 737.000       0.8809
 738.000       1.4389
 739.000       0.9829
 740.000       1.3566
 741.000       1.4868
 742.000       1.6529
 743.000       1.2590
 744.000       0.9597
 745.000       0.8512
 746.000       0.7472
 747.000       0.8331
 748.000       1.3769
 749.000       0.7671
 750.000       0.7197
 751.000       1.0818
 752.000       0.7540
 753.000       0.7343
 754.000       0.7907
 755.000       1.3296
 756.000       0.8858
 757.000       0.9842
 758.000       1.0320
 759.000       1.1803
 760.000       1.2186
 761.000       1.8545
 762.000       1.1620
 763.000       0.9220
 764.000       1.4521
 765.000       1.4518
 766.000       0.8305
 767.000       0.8835
 768.000       1.0391
 769.000       1.1367
 770.000       0.8299
 771.000       0.9739
 772.000       1.3193
 773.000       0.8765
 774.000       1.0311
 775.000       1.1206
 776.000       1.3527
 777.000       1.1602
 778.000       1.3724
 779.000       2.1487
 780.000       3.1010
