#Res        AtomicFlx
 825.000       0.9104
 826.000       0.9323
 827.000       0.8997
 828.000       0.8357
 829.000       1.0338
 830.000       1.4255
 831.000       1.2696
 832.000       0.7936
 833.000       1.5371
 834.000       1.5331
 835.000       0.8830
 836.000       0.8457
 837.000       1.2811
 838.000       0.9731
 839.000       0.9244
 840.000       1.6315
 841.000       0.9562
 842.000       0.8533
 843.000       0.8834
 844.000       1.3829
 845.000       1.2713
 846.000       1.0634
 847.000       0.9620
 848.000       0.8435
 849.000       1.2385
 850.000       1.1234
 851.000       0.9192
 852.000       0.8714
 853.000       1.2383
 854.000       1.1357
 855.000       0.9820
 856.000       0.9796
 857.000       1.3192
 858.000       1.5614
 859.000       1.6014
 860.000       1.3470
 861.000       1.3066
 862.000       1.8015
 863.000       1.0527
 864.000       1.2387
 865.000       0.9918
 866.000       1.0444
 867.000       1.0585
 868.000       0.9030
 869.000       0.7617
 870.000       0.8060
 871.000       1.2274
 872.000       0.7122
 873.000       0.7933
 874.000       0.7635
 875.000       0.9527
 876.000       0.7087
 877.000       0.7523
 878.000       0.9159
 879.000       0.7489
 880.000       0.8947
 881.000       0.8235
 882.000       0.8764
 883.000       0.8182
 884.000       0.8414
 885.000       1.0091
 886.000       1.2003
 887.000       1.0307
 888.000       0.8362
 889.000       0.8801
 890.000       1.0360
 891.000       0.8875
 892.000       0.8629
 893.000       0.9078
 894.000       0.9113
 895.000       0.9586
 896.000       1.3887
 897.000       0.9510
 898.000       1.0042
 899.000       0.9110
 900.000       0.8426
 901.000       1.0348
 902.000       0.9349
 903.000       1.1738
 904.000       1.0482
 905.000       1.0339
 906.000       1.5392
 907.000       0.9743
 908.000       0.9941
 909.000       1.5626
 910.000       1.8393
 911.000       1.1253
 912.000       1.2531
 913.000       1.4717
 914.000       3.1891
 915.000       5.2226
 916.000       6.2664
