#Res        AtomicFlx
 547.000       1.5618
 548.000       1.4855
 549.000       1.1768
 550.000       1.2680
 551.000       1.4534
 552.000       1.0978
 553.000       1.1201
 554.000       0.9839
 555.000       1.1712
 556.000       1.0927
 557.000       0.8804
 558.000       0.9066
 559.000       0.8831
 560.000       1.6614
 561.000       0.8174
 562.000       1.0834
 563.000       1.1757
 564.000       1.0876
 565.000       1.1009
 566.000       1.9251
 567.000       1.8027
 568.000       1.0565
 569.000       1.3205
 570.000       0.9704
 571.000       1.2310
 572.000       1.7691
 573.000       1.2607
 574.000       1.1466
 575.000       1.1031
 576.000       1.1304
 577.000       0.9946
 578.000       0.8471
 579.000       0.8215
 580.000       0.8727
 581.000       0.9059
 582.000       0.7760
 583.000       0.7458
 584.000       0.7919
 585.000       0.7740
 586.000       0.7306
 587.000       0.9767
 588.000       0.9565
 589.000       0.8281
 590.000       0.7637
 591.000       0.8524
 592.000       1.2410
 593.000       0.9223
 594.000       0.8683
 595.000       1.3647
 596.000       1.1271
 597.000       0.9528
 598.000       1.1169
 599.000       1.5270
 600.000       1.2043
 601.000       1.2100
 602.000       1.9734
 603.000       1.9337
 604.000       1.7434
 605.000       1.9331
 606.000       1.4495
 607.000       1.4117
 608.000       1.3802
 609.000       0.8698
 610.000       0.8408
 611.000       0.7558
 612.000       1.0897
 613.000       0.8845
 614.000       0.8299
 615.000       1.2341
 616.000       1.2535
 617.000       1.0652
 618.000       1.2727
 619.000       1.9143
 620.000       1.6956
 621.000       1.8184
 622.000       2.1764
 623.000       2.2361
 624.000       1.5496
 625.000       1.5368
 626.000       1.9189
 627.000       1.6617
 628.000       1.4069
 629.000       1.4404
