#Res        AtomicFlx
 459.000       1.1782
 460.000       1.4336
 461.000       1.0267
 462.000       0.8912
 463.000       0.8971
 464.000       1.3472
 465.000       0.9999
 466.000       0.8456
 467.000       0.8175
 468.000       0.8873
 469.000       0.8494
 470.000       0.8497
 471.000       0.8752
 472.000       0.8692
 473.000       1.0091
 474.000       1.1198
 475.000       0.9359
 476.000       0.9652
 477.000       1.0112
 478.000       1.0284
 479.000       0.9114
 480.000       1.0173
 481.000       1.4809
 482.000       1.1623
 483.000       0.8957
 484.000       1.0408
 485.000       0.9057
 486.000       0.8936
 487.000       0.8184
 488.000       1.1832
 489.000       0.9413
 490.000       0.7958
 491.000       0.9153
 492.000       1.2627
 493.000       1.1834
 494.000       0.7387
 495.000       0.7270
 496.000       1.3662
 497.000       0.7724
 498.000       0.7025
 499.000       0.8844
 500.000       0.8252
 501.000       0.8103
 502.000       0.8160
 503.000       1.4799
 504.000       1.0375
 505.000       0.9997
 506.000       1.4155
 507.000       0.9454
 508.000       1.2257
 509.000       0.9513
 510.000       0.8256
 511.000       0.8057
 512.000       0.7291
 513.000       1.3267
 514.000       0.9088
 515.000       0.6754
 516.000       0.7221
 517.000       0.8611
 518.000       0.7249
 519.000       0.7043
 520.000       1.1598
 521.000       0.9800
 522.000       1.0023
 523.000       1.0074
 524.000       1.4695
 525.000       0.9117
 526.000       0.7446
 527.000       0.8659
 528.000       0.8256
 529.000       0.9977
 530.000       2.1022
 531.000       3.9516
