#Res        AtomicFlx
1034.000       1.1433
1035.000       1.2156
1036.000       0.9328
1037.000       1.0692
1038.000       1.5537
1039.000       0.8849
1040.000       0.9492
1041.000       0.8326
1042.000       1.1680
1043.000       0.8103
1044.000       0.8348
1045.000       0.7902
1046.000       0.9088
1047.000       1.0682
1048.000       0.8022
1049.000       1.0664
1050.000       1.3195
1051.000       0.9878
1052.000       0.9826
1053.000       1.7004
1054.000       1.6677
1055.000       1.0495
1056.000       1.4383
1057.000       0.9625
1058.000       0.9364
1059.000       1.5981
1060.000       1.2422
1061.000       0.8807
1062.000       0.8348
1063.000       0.8829
1064.000       0.7718
1065.000       0.7129
1066.000       0.7151
1067.000       0.7162
1068.000       0.7556
1069.000       0.7111
1070.000       0.6703
1071.000       0.6934
1072.000       0.7045
1073.000       0.7093
1074.000       0.9189
1075.000       0.8789
1076.000       0.7737
1077.000       0.7407
1078.000       0.8190
1079.000       1.1367
1080.000       0.8600
1081.000       0.8300
1082.000       1.3233
1083.000       1.0521
1084.000       0.8383
1085.000       1.0166
1086.000       1.4844
1087.000       1.0908
1088.000       1.0869
1089.000       1.9982
1090.000       1.8681
1091.000       1.6379
1092.000       1.8176
1093.000       1.3226
1094.000       1.3574
1095.000       1.1887
1096.000       0.7851
1097.000       0.7681
1098.000       0.7361
1099.000       0.8897
1100.000       0.7970
1101.000       0.7597
1102.000       1.1737
1103.000       1.1344
1104.000       0.9822
1105.000       1.1331
1106.000       1.8433
1107.000       1.7545
1108.000       1.7586
1109.000       2.2450
1110.000       1.8602
1111.000       1.3788
1112.000       1.6613
1113.000       1.8114
1114.000       1.2545
1115.000       1.2867
1116.000       1.4674
