#Res        AtomicFlx
 338.000       1.0371
 339.000       1.0574
 340.000       1.0518
 341.000       0.9722
 342.000       1.1041
 343.000       1.8585
 344.000       1.3096
 345.000       0.9023
 346.000       1.6154
 347.000       1.7177
 348.000       0.9907
 349.000       0.9071
 350.000       1.2807
 351.000       1.0171
 352.000       1.0529
 353.000       1.7613
 354.000       0.9916
 355.000       0.8807
 356.000       0.8840
 357.000       1.2454
 358.000       1.1586
 359.000       1.0664
 360.000       1.0259
 361.000       0.9465
 362.000       1.4606
 363.000       1.2676
 364.000       1.0688
 365.000       1.1029
 366.000       1.4054
 367.000       1.5513
 368.000       1.0900
 369.000       1.1200
 370.000       1.4707
 371.000       1.7236
 372.000       1.6398
 373.000       1.4990
 374.000       1.4991
 375.000       1.9434
 376.000       1.2905
 377.000       1.8051
 378.000       1.2646
 379.000       1.1210
 380.000       1.2076
 381.000       1.0377
 382.000       0.8895
 383.000       0.9402
 384.000       1.3359
 385.000       0.8488
 386.000       0.9095
 387.000       0.8588
 388.000       1.0601
 389.000       0.8186
 390.000       0.8689
 391.000       0.8348
 392.000       0.8177
 393.000       0.9535
 394.000       0.8629
 395.000       0.9269
 396.000       0.8402
 397.000       0.9151
 398.000       1.0281
 399.000       1.1582
 400.000       0.9294
 401.000       0.8273
 402.000       0.8828
 403.000       1.0328
 404.000       0.8717
 405.000       0.8670
 406.000       0.9215
 407.000       0.9251
 408.000       0.9659
 409.000       1.3898
 410.000       0.9369
 411.000       1.0531
 412.000       0.9154
 413.000       0.8730
 414.000       1.0445
 415.000       0.9155
 416.000       1.2252
 417.000       1.0253
 418.000       1.0011
 419.000       1.4736
 420.000       0.9428
 421.000       1.0693
 422.000       1.5769
 423.000       2.0083
 424.000       1.1989
 425.000       1.7774
 426.000       1.6267
 427.000       2.4442
 428.000       4.5199
 429.000       4.3990
