#Res        AtomicFlx
1180.000       0.8354
1181.000       0.8413
1182.000       1.0651
1183.000       0.8930
1184.000       0.7921
1185.000       1.6021
1186.000       1.0856
1187.000       0.8398
1188.000       0.9140
1189.000       1.3822
1190.000       1.5672
1191.000       1.1325
1192.000       1.6957
1193.000       1.3763
1194.000       1.9253
1195.000       1.1096
1196.000       0.9044
1197.000       0.8366
1198.000       0.8679
1199.000       1.0557
1200.000       1.2778
1201.000       0.7432
1202.000       0.9881
1203.000       0.8560
1204.000       0.7506
1205.000       0.7542
1206.000       0.8539
1207.000       0.7448
1208.000       0.9653
1209.000       0.6804
1210.000       0.8925
1211.000       0.9739
1212.000       0.7468
1213.000       0.9284
1214.000       1.2555
1215.000       1.1782
1216.000       0.6930
1217.000       0.6787
1218.000       0.7347
1219.000       1.0694
1220.000       0.6897
1221.000       0.7819
1222.000       1.2252
1223.000       0.9024
1224.000       0.7798
1225.000       1.1176
1226.000       0.8542
1227.000       1.1768
1228.000       1.3868
1229.000       1.5092
1230.000       0.9064
1231.000       0.8012
1232.000       0.7568
1233.000       0.7456
1234.000       0.8399
1235.000       1.7087
1236.000       0.8414
1237.000       0.7103
1238.000       1.1494
1239.000       0.7451
1240.000       0.7347
1241.000       0.8529
1242.000       1.4786
1243.000       0.9211
1244.000       1.0108
1245.000       0.9598
1246.000       1.0677
1247.000       1.1713
1248.000       1.8355
1249.000       1.1026
1250.000       0.8942
1251.000       1.4593
1252.000       1.4616
1253.000       0.8090
1254.000       0.8585
1255.000       1.0261
1256.000       1.1239
1257.000       0.8143
1258.000       0.9480
1259.000       1.3164
1260.000       0.8684
1261.000       1.0156
1262.000       1.1153
1263.000       1.3490
1264.000       1.1729
1265.000       1.4614
1266.000       2.2895
1267.000       3.8912
