#Res        AtomicFlx
1034.000       1.3100
1035.000       1.1659
1036.000       1.0953
1037.000       1.2150
1038.000       1.3891
1039.000       1.0589
1040.000       1.0973
1041.000       1.0216
1042.000       1.2429
1043.000       1.1510
1044.000       0.9855
1045.000       0.9966
1046.000       1.0471
1047.000       1.1849
1048.000       1.0217
1049.000       1.0577
1050.000       1.9062
1051.000       1.3780
1052.000       1.2384
1053.000       1.4097
1054.000       1.6616
1055.000       1.1228
1056.000       1.4959
1057.000       1.2146
1058.000       1.2763
1059.000       1.4186
1060.000       1.2799
1061.000       1.2005
1062.000       1.4624
1063.000       1.3682
1064.000       1.0750
1065.000       0.9813
1066.000       0.9642
1067.000       0.9698
1068.000       1.0064
1069.000       0.9688
1070.000       0.9122
1071.000       0.9417
1072.000       0.9448
1073.000       0.9087
1074.000       1.0797
1075.000       1.0679
1076.000       0.9651
1077.000       0.9126
1078.000       1.0063
1079.000       1.2797
1080.000       1.0220
1081.000       0.9789
1082.000       1.4618
1083.000       1.2116
1084.000       1.0144
1085.000       1.1578
1086.000       1.5850
1087.000       1.2079
1088.000       1.1880
1089.000       1.7343
1090.000       1.9144
1091.000       1.6715
1092.000       1.8326
1093.000       1.3993
1094.000       1.3061
1095.000       1.4227
1096.000       0.9121
1097.000       0.8971
1098.000       0.8150
1099.000       0.9731
1100.000       1.0085
1101.000       0.8905
1102.000       1.1513
1103.000       1.3462
1104.000       1.1807
1105.000       1.3430
1106.000       2.4088
1107.000       2.2251
1108.000       2.5599
1109.000       3.1295
1110.000       3.1414
1111.000       2.0425
1112.000       2.0007
1113.000       2.6151
1114.000       2.0205
1115.000       2.0173
1116.000       2.1317
