#Frame   AVERAGE_00016 AVERAGE_00016[SD]
       1        0.9960            0.1214
       2        0.9443            0.1128
       3        1.2054            0.1648
       4        1.0040            0.0998
       5        0.8821            0.0963
       6        1.6212            0.1217
       7        1.2238            0.1486
       8        0.9275            0.1148
       9        1.0031            0.1039
      10        1.4536            0.1106
      11        1.6584            0.1006
      12        1.1571            0.1119
      13        1.6045            0.2468
      14        1.4854            0.1973
      15        1.8877            0.1222
      16        1.1594            0.0936
      17        0.9737            0.0899
      18        0.9083            0.0857
      19        0.9232            0.0809
      20        1.1144            0.0726
      21        1.3405            0.0886
      22        0.7882            0.0806
      23        1.0585            0.1090
      24        0.9148            0.0798
      25        0.7958            0.0810
      26        0.8299            0.0834
      27        0.9100            0.0562
      28        0.8029            0.0703
      29        1.0216            0.0874
      30        0.7614            0.0779
      31        0.9906            0.0767
      32        0.9950            0.0910
      33        0.8173            0.0794
      34        1.0122            0.0836
      35        1.3625            0.1120
      36        1.2424            0.1508
      37        0.8204            0.1096
      38        0.8365            0.1113
      39        0.8959            0.1110
      40        1.1426            0.1032
      41        0.8831            0.1139
      42        0.9999            0.1269
      43        1.3585            0.3014
      44        1.0335            0.1307
      45        1.0345            0.1632
      46        1.3722            0.2003
      47        1.0674            0.1682
      48        1.4457            0.2853
      49        1.6151            0.2173
      50        1.7494            0.2755
      51        1.2749            0.2463
      52        1.0343            0.1533
      53        0.9334            0.1076
      54        0.8830            0.1062
      55        0.9559            0.1033
      56        1.6097            0.2091
      57        0.9662            0.1242
      58        0.8262            0.0961
      59        1.2162            0.0772
      60        0.8814            0.0950
      61        0.8481            0.0907
      62        0.9228            0.0839
      63        1.4660            0.1041
      64        0.9688            0.0836
      65        1.1152            0.0944
      66        1.0897            0.0897
      67        1.2269            0.1103
      68        1.3018            0.1115
      69        1.9465            0.1148
      70        1.2325            0.0918
      71        1.0175            0.0948
      72        1.5611            0.1004
      73        1.5537            0.0875
      74        0.9208            0.0814
      75        0.9767            0.0852
      76        1.1250            0.0820
      77        1.2092            0.0668
      78        0.9094            0.0824
      79        1.0555            0.0917
      80        1.3931            0.0688
      81        0.9524            0.0872
      82        1.0906            0.0847
      83        1.2001            0.0815
      84        1.4356            0.0766
      85        1.2066            0.1131
      86        1.6093            0.3843
      87        2.7712            0.6955
      88        4.2464            0.7064
