#Res        AtomicFlx
 825.000       0.7663
 826.000       0.7951
 827.000       0.7496
 828.000       0.6949
 829.000       0.8276
 830.000       1.6173
 831.000       1.0264
 832.000       0.6662
 833.000       1.3638
 834.000       1.7211
 835.000       0.7532
 836.000       0.7437
 837.000       1.1712
 838.000       0.8492
 839.000       0.8458
 840.000       1.6696
 841.000       0.8279
 842.000       0.7332
 843.000       0.7878
 844.000       1.3223
 845.000       1.3575
 846.000       0.9919
 847.000       0.9356
 848.000       0.7660
 849.000       1.2876
 850.000       1.3026
 851.000       0.8383
 852.000       0.9877
 853.000       1.6597
 854.000       1.2200
 855.000       0.9749
 856.000       1.1286
 857.000       1.6924
 858.000       1.8779
 859.000       1.6877
 860.000       1.4827
 861.000       1.5350
 862.000       1.9578
 863.000       1.2378
 864.000       1.6097
 865.000       1.1378
 866.000       1.0719
 867.000       1.0798
 868.000       0.8400
 869.000       0.6675
 870.000       0.6937
 871.000       1.1627
 872.000       0.6320
 873.000       0.6829
 874.000       0.6579
 875.000       0.8381
 876.000       0.5917
 877.000       0.6096
 878.000       0.6392
 879.000       0.6127
 880.000       0.7324
 881.000       0.6334
 882.000       0.6831
 883.000       0.6415
 884.000       0.6857
 885.000       0.7713
 886.000       1.0746
 887.000       0.7894
 888.000       0.6327
 889.000       0.6878
 890.000       0.8737
 891.000       0.7063
 892.000       0.6866
 893.000       0.7403
 894.000       0.7647
 895.000       0.8118
 896.000       1.2754
 897.000       0.7619
 898.000       0.8582
 899.000       0.7049
 900.000       0.6425
 901.000       0.8606
 902.000       0.7223
 903.000       1.0207
 904.000       0.6950
 905.000       0.8251
 906.000       1.4160
 907.000       0.7926
 908.000       0.7545
 909.000       1.4994
 910.000       1.6689
 911.000       0.8502
 912.000       0.9443
 913.000       1.5864
 914.000       3.8221
 915.000       3.2539
 916.000       3.8054
