#Res        AtomicFlx
 946.000       1.1695
 947.000       1.4946
 948.000       1.1284
 949.000       1.0880
 950.000       1.0767
 951.000       1.5334
 952.000       1.1170
 953.000       1.0279
 954.000       0.9934
 955.000       1.0883
 956.000       0.9639
 957.000       0.9873
 958.000       1.0186
 959.000       1.0641
 960.000       1.2254
 961.000       1.2589
 962.000       1.1883
 963.000       1.2119
 964.000       1.2823
 965.000       1.3471
 966.000       1.1458
 967.000       1.2432
 968.000       1.7489
 969.000       1.3691
 970.000       1.0882
 971.000       1.2101
 972.000       1.1226
 973.000       1.1633
 974.000       1.0240
 975.000       1.3634
 976.000       1.1504
 977.000       0.9986
 978.000       1.1020
 979.000       1.3902
 980.000       1.2419
 981.000       0.9219
 982.000       1.0038
 983.000       1.9945
 984.000       1.0677
 985.000       0.9302
 986.000       1.0115
 987.000       0.9982
 988.000       0.9294
 989.000       1.0078
 990.000       1.5428
 991.000       1.1629
 992.000       1.0839
 993.000       1.4299
 994.000       1.0662
 995.000       1.4511
 996.000       1.1002
 997.000       1.0343
 998.000       0.9768
 999.000       0.8912
1000.000       1.3865
1001.000       1.0530
1002.000       0.8394
1003.000       0.8092
1004.000       0.8874
1005.000       0.8452
1006.000       0.8109
1007.000       1.0683
1008.000       1.3806
1009.000       1.0617
1010.000       0.9814
1011.000       1.3252
1012.000       1.1967
1013.000       0.8988
1014.000       0.8055
1015.000       0.8981
1016.000       1.0586
1017.000       1.9214
1018.000       3.4302
