#Res        AtomicFlx
 946.000       0.9585
 947.000       1.3059
 948.000       0.9220
 949.000       0.8677
 950.000       0.8490
 951.000       1.2583
 952.000       1.0872
 953.000       0.8889
 954.000       0.7630
 955.000       0.7885
 956.000       0.7914
 957.000       0.8034
 958.000       0.7972
 959.000       0.7837
 960.000       0.8749
 961.000       0.9497
 962.000       0.8675
 963.000       0.8972
 964.000       0.9288
 965.000       1.0187
 966.000       0.8868
 967.000       0.9385
 968.000       1.5631
 969.000       1.1916
 970.000       0.8781
 971.000       1.0038
 972.000       0.9369
 973.000       0.9618
 974.000       0.8659
 975.000       1.2300
 976.000       1.0030
 977.000       0.8741
 978.000       0.9850
 979.000       1.3407
 980.000       1.1844
 981.000       0.8341
 982.000       0.8218
 983.000       1.7974
 984.000       0.9022
 985.000       0.7575
 986.000       0.8392
 987.000       0.8317
 988.000       0.7823
 989.000       0.8381
 990.000       1.4511
 991.000       0.9457
 992.000       0.9782
 993.000       1.4766
 994.000       0.9064
 995.000       1.1730
 996.000       0.8713
 997.000       0.8232
 998.000       0.8325
 999.000       0.7761
1000.000       1.3467
1001.000       0.9261
1002.000       0.7230
1003.000       0.7519
1004.000       0.8579
1005.000       0.7677
1006.000       0.7741
1007.000       1.1683
1008.000       1.2799
1009.000       1.0527
1010.000       1.0411
1011.000       1.3856
1012.000       1.0470
1013.000       0.8488
1014.000       0.9511
1015.000       1.0143
1016.000       1.0893
1017.000       2.0333
1018.000       3.6305
