#Res        AtomicFlx
 946.000       1.0107
 947.000       1.2584
 948.000       0.8050
 949.000       0.7389
 950.000       0.7305
 951.000       1.1766
 952.000       0.7316
 953.000       0.7308
 954.000       0.6348
 955.000       0.6737
 956.000       0.6860
 957.000       0.6750
 958.000       0.6830
 959.000       0.6720
 960.000       0.8120
 961.000       0.8444
 962.000       0.7670
 963.000       0.8052
 964.000       0.8676
 965.000       0.9296
 966.000       0.7812
 967.000       0.8442
 968.000       1.3438
 969.000       1.1007
 970.000       0.7831
 971.000       1.0213
 972.000       0.8237
 973.000       0.8403
 974.000       0.7661
 975.000       1.1116
 976.000       0.8719
 977.000       0.7708
 978.000       0.8538
 979.000       1.2684
 980.000       1.0918
 981.000       0.7669
 982.000       0.7614
 983.000       1.8664
 984.000       0.7682
 985.000       0.7257
 986.000       0.7805
 987.000       0.7650
 988.000       0.7622
 989.000       0.8004
 990.000       1.4485
 991.000       1.1086
 992.000       0.9594
 993.000       1.4238
 994.000       0.8460
 995.000       1.2136
 996.000       0.8129
 997.000       0.7750
 998.000       0.7933
 999.000       0.7514
1000.000       1.3087
1001.000       0.8300
1002.000       0.7132
1003.000       0.7191
1004.000       0.7869
1005.000       0.7125
1006.000       0.7128
1007.000       1.0152
1008.000       1.2264
1009.000       1.1257
1010.000       1.0110
1011.000       1.8959
1012.000       1.0129
1013.000       0.7515
1014.000       0.9071
1015.000       1.1230
1016.000       1.3624
1017.000       2.3650
1018.000       3.7455
