#Res        AtomicFlx
1180.000       1.1580
1181.000       1.1556
1182.000       1.4551
1183.000       1.1680
1184.000       1.0577
1185.000       1.6315
1186.000       1.4525
1187.000       1.1279
1188.000       1.1441
1189.000       1.6378
1190.000       1.8605
1191.000       1.2858
1192.000       1.7323
1193.000       1.6517
1194.000       2.1502
1195.000       1.3517
1196.000       1.1535
1197.000       1.1051
1198.000       1.1066
1199.000       1.2799
1200.000       1.4797
1201.000       0.9882
1202.000       1.3124
1203.000       1.1133
1204.000       1.0038
1205.000       1.0188
1206.000       0.9828
1207.000       0.9751
1208.000       1.2351
1209.000       0.9194
1210.000       1.1224
1211.000       1.2240
1212.000       0.9558
1213.000       1.1237
1214.000       1.4899
1215.000       1.5217
1216.000       0.9565
1217.000       0.9819
1218.000       1.0364
1219.000       1.3180
1220.000       1.0028
1221.000       1.1215
1222.000       1.4015
1223.000       1.1503
1224.000       1.1697
1225.000       1.4859
1226.000       1.2463
1227.000       1.7803
1228.000       1.7378
1229.000       1.6457
1230.000       1.2923
1231.000       1.0558
1232.000       1.0037
1233.000       0.9271
1234.000       1.0084
1235.000       1.4412
1236.000       0.9224
1237.000       0.8960
1238.000       1.2495
1239.000       0.9061
1240.000       0.8795
1241.000       0.9790
1242.000       1.3959
1243.000       0.9235
1244.000       1.1597
1245.000       1.1254
1246.000       1.2830
1247.000       1.3490
1248.000       1.9475
1249.000       1.2801
1250.000       1.0450
1251.000       1.5719
1252.000       1.5650
1253.000       0.9719
1254.000       1.0075
1255.000       1.1514
1256.000       1.2627
1257.000       0.9769
1258.000       1.0861
1259.000       1.4151
1260.000       1.0397
1261.000       1.1734
1262.000       1.2231
1263.000       1.5077
1264.000       1.3869
1265.000       2.5970
1266.000       4.4808
1267.000       5.5983
