#Res        AtomicFlx
 547.000       1.3089
 548.000       1.1748
 549.000       0.9546
 550.000       1.1806
 551.000       1.3754
 552.000       0.9669
 553.000       1.0269
 554.000       0.8850
 555.000       1.1261
 556.000       1.0179
 557.000       0.7574
 558.000       0.7244
 559.000       0.7892
 560.000       1.0256
 561.000       0.7177
 562.000       0.7716
 563.000       1.2859
 564.000       1.0093
 565.000       0.9805
 566.000       0.9751
 567.000       1.4145
 568.000       1.0332
 569.000       1.5373
 570.000       1.0178
 571.000       1.1152
 572.000       1.3670
 573.000       1.2440
 574.000       1.0350
 575.000       1.0123
 576.000       0.9427
 577.000       0.7860
 578.000       0.7208
 579.000       0.6893
 580.000       0.7290
 581.000       0.8381
 582.000       0.7328
 583.000       0.6854
 584.000       0.7567
 585.000       0.7757
 586.000       0.7495
 587.000       0.9657
 588.000       0.9875
 589.000       0.8535
 590.000       0.8008
 591.000       0.9384
 592.000       1.2846
 593.000       0.9508
 594.000       0.9427
 595.000       1.5197
 596.000       1.1884
 597.000       0.9622
 598.000       1.0921
 599.000       1.4611
 600.000       1.1976
 601.000       1.2154
 602.000       2.1919
 603.000       1.8986
 604.000       1.7388
 605.000       1.9659
 606.000       1.5547
 607.000       1.5380
 608.000       1.5678
 609.000       0.9132
 610.000       0.9449
 611.000       0.8827
 612.000       0.9933
 613.000       0.9714
 614.000       0.8838
 615.000       1.1807
 616.000       1.2725
 617.000       1.0742
 618.000       1.2773
 619.000       2.2173
 620.000       1.8535
 621.000       1.9304
 622.000       2.3525
 623.000       1.9706
 624.000       1.4288
 625.000       1.8130
 626.000       1.9139
 627.000       1.4039
 628.000       1.6243
 629.000       1.9218
