#Res        AtomicFlx
 459.000       0.8317
 460.000       1.1358
 461.000       0.7217
 462.000       0.7409
 463.000       0.7564
 464.000       1.0289
 465.000       0.9350
 466.000       0.7497
 467.000       0.6373
 468.000       0.6624
 469.000       0.6820
 470.000       0.6748
 471.000       0.6664
 472.000       0.6672
 473.000       0.7904
 474.000       1.0512
 475.000       0.7254
 476.000       0.7866
 477.000       0.8298
 478.000       0.8885
 479.000       0.7660
 480.000       0.8321
 481.000       1.3582
 482.000       1.0768
 483.000       0.7651
 484.000       0.8927
 485.000       0.8345
 486.000       0.8466
 487.000       0.7410
 488.000       1.0930
 489.000       0.8876
 490.000       0.8215
 491.000       0.8925
 492.000       1.2244
 493.000       1.1272
 494.000       0.7742
 495.000       0.7751
 496.000       1.7249
 497.000       0.7730
 498.000       0.7595
 499.000       0.8499
 500.000       0.8181
 501.000       0.7787
 502.000       0.8932
 503.000       1.5091
 504.000       1.1123
 505.000       1.0839
 506.000       1.5647
 507.000       1.0582
 508.000       1.4946
 509.000       0.9681
 510.000       0.8839
 511.000       0.8761
 512.000       0.8232
 513.000       1.3279
 514.000       0.9811
 515.000       0.7525
 516.000       0.7416
 517.000       0.8263
 518.000       0.7152
 519.000       0.7647
 520.000       1.0884
 521.000       0.9933
 522.000       1.3182
 523.000       1.3713
 524.000       2.2541
 525.000       0.9217
 526.000       0.7897
 527.000       0.7442
 528.000       1.0056
 529.000       1.1128
 530.000       2.0379
 531.000       3.5560
