#Res        AtomicFlx
1180.000       1.1432
1181.000       0.9749
1182.000       1.2473
1183.000       1.0880
1184.000       0.9885
1185.000       1.7362
1186.000       1.3700
1187.000       1.0583
1188.000       1.1133
1189.000       1.5345
1190.000       1.6987
1191.000       1.2269
1192.000       1.3204
1193.000       1.4403
1194.000       1.7870
1195.000       1.1866
1196.000       1.0151
1197.000       0.9205
1198.000       0.8952
1199.000       1.0276
1200.000       1.1535
1201.000       0.7707
1202.000       0.9189
1203.000       0.8520
1204.000       0.7612
1205.000       0.9084
1206.000       0.9521
1207.000       0.8188
1208.000       1.0669
1209.000       0.8518
1210.000       1.0395
1211.000       0.9954
1212.000       0.9339
1213.000       1.1641
1214.000       1.5159
1215.000       1.4559
1216.000       1.0062
1217.000       0.9807
1218.000       0.9757
1219.000       1.1827
1220.000       0.9767
1221.000       1.0517
1222.000       1.1291
1223.000       0.9817
1224.000       0.9700
1225.000       1.1531
1226.000       0.9566
1227.000       1.0757
1228.000       1.4518
1229.000       1.5805
1230.000       1.1625
1231.000       1.0555
1232.000       1.0707
1233.000       1.0388
1234.000       1.1396
1235.000       2.0408
1236.000       1.1438
1237.000       1.0082
1238.000       1.3467
1239.000       1.0172
1240.000       1.0064
1241.000       1.0679
1242.000       1.5839
1243.000       1.1104
1244.000       1.3041
1245.000       1.1826
1246.000       1.2239
1247.000       1.3150
1248.000       1.9478
1249.000       1.2816
1250.000       1.0916
1251.000       1.5807
1252.000       1.5605
1253.000       1.0251
1254.000       1.0660
1255.000       1.1864
1256.000       1.2808
1257.000       1.0185
1258.000       1.1224
1259.000       1.4521
1260.000       1.0434
1261.000       1.1650
1262.000       1.2394
1263.000       1.4789
1264.000       1.1696
1265.000       1.6056
1266.000       2.8699
1267.000       4.3326
