#Res        AtomicFlx
 547.000       1.3029
 548.000       1.4327
 549.000       1.0835
 550.000       1.2618
 551.000       1.6325
 552.000       1.0200
 553.000       1.0688
 554.000       0.9279
 555.000       1.1664
 556.000       1.0320
 557.000       0.8821
 558.000       0.9157
 559.000       1.0237
 560.000       1.0251
 561.000       0.9005
 562.000       1.1950
 563.000       1.4508
 564.000       1.1970
 565.000       1.2070
 566.000       2.0199
 567.000       1.9356
 568.000       1.4832
 569.000       1.8778
 570.000       1.2985
 571.000       1.4139
 572.000       2.0771
 573.000       1.4651
 574.000       1.1671
 575.000       1.2114
 576.000       1.1784
 577.000       0.9557
 578.000       0.8369
 579.000       0.8360
 580.000       0.8375
 581.000       0.8716
 582.000       0.7768
 583.000       0.7199
 584.000       0.7518
 585.000       0.7587
 586.000       0.7228
 587.000       0.9400
 588.000       0.9310
 589.000       0.7974
 590.000       0.7314
 591.000       0.8120
 592.000       1.1956
 593.000       0.8701
 594.000       0.8285
 595.000       1.3320
 596.000       1.0285
 597.000       0.8550
 598.000       0.9798
 599.000       1.4172
 600.000       1.1005
 601.000       1.0682
 602.000       1.7966
 603.000       1.8394
 604.000       1.6563
 605.000       1.7879
 606.000       1.2928
 607.000       1.2548
 608.000       1.3954
 609.000       0.7981
 610.000       0.8478
 611.000       0.8126
 612.000       0.8691
 613.000       0.8591
 614.000       0.8003
 615.000       1.1194
 616.000       1.2359
 617.000       0.9759
 618.000       1.2021
 619.000       2.1573
 620.000       2.0286
 621.000       1.9440
 622.000       2.3886
 623.000       2.1009
 624.000       1.5195
 625.000       1.8582
 626.000       2.1223
 627.000       1.4802
 628.000       1.5584
 629.000       1.9724
