#Res        AtomicFlx
 338.000       1.1577
 339.000       1.2063
 340.000       1.0632
 341.000       0.9919
 342.000       1.1244
 343.000       1.7407
 344.000       1.4445
 345.000       0.9142
 346.000       1.7955
 347.000       1.6603
 348.000       0.9690
 349.000       0.9358
 350.000       1.3261
 351.000       1.0303
 352.000       0.9414
 353.000       1.6250
 354.000       0.9924
 355.000       0.8706
 356.000       0.8631
 357.000       1.4450
 358.000       1.2247
 359.000       0.9605
 360.000       0.9132
 361.000       0.8007
 362.000       1.2020
 363.000       1.1421
 364.000       0.9379
 365.000       0.9031
 366.000       1.4934
 367.000       1.6455
 368.000       1.0439
 369.000       1.1362
 370.000       1.8983
 371.000       1.8693
 372.000       1.4983
 373.000       1.6324
 374.000       1.9332
 375.000       1.9078
 376.000       1.2588
 377.000       1.4303
 378.000       1.1208
 379.000       1.1071
 380.000       1.0430
 381.000       0.8388
 382.000       0.6888
 383.000       0.7458
 384.000       1.1886
 385.000       0.6585
 386.000       0.7278
 387.000       0.7342
 388.000       0.8762
 389.000       0.6472
 390.000       0.7147
 391.000       0.7982
 392.000       0.7076
 393.000       0.8038
 394.000       0.7775
 395.000       0.8275
 396.000       0.7636
 397.000       0.8315
 398.000       0.9759
 399.000       1.2565
 400.000       1.0778
 401.000       0.8414
 402.000       0.9247
 403.000       1.0906
 404.000       0.9219
 405.000       0.9329
 406.000       1.0026
 407.000       1.0323
 408.000       1.0725
 409.000       1.5087
 410.000       1.0346
 411.000       1.1262
 412.000       1.0009
 413.000       0.8888
 414.000       1.0676
 415.000       0.9151
 416.000       1.1540
 417.000       0.9885
 418.000       0.9697
 419.000       1.5371
 420.000       0.9497
 421.000       1.0047
 422.000       1.5298
 423.000       1.7948
 424.000       1.0573
 425.000       1.7004
 426.000       1.5491
 427.000       3.3413
 428.000       5.6472
 429.000       6.8829
