#Res        AtomicFlx
 459.000       1.0424
 460.000       1.2956
 461.000       0.9848
 462.000       0.9426
 463.000       0.9288
 464.000       1.2622
 465.000       1.1021
 466.000       0.8794
 467.000       0.8304
 468.000       0.8872
 469.000       0.8579
 470.000       0.8406
 471.000       0.8546
 472.000       0.8633
 473.000       0.9668
 474.000       1.0057
 475.000       0.9314
 476.000       0.9584
 477.000       1.0178
 478.000       1.0539
 479.000       0.9359
 480.000       1.0072
 481.000       1.5385
 482.000       1.1843
 483.000       0.9481
 484.000       1.0401
 485.000       1.0011
 486.000       0.9788
 487.000       0.9359
 488.000       1.2321
 489.000       1.0518
 490.000       0.9348
 491.000       0.9936
 492.000       1.3218
 493.000       1.2671
 494.000       0.9269
 495.000       0.9106
 496.000       1.7273
 497.000       0.8985
 498.000       0.8752
 499.000       0.9456
 500.000       0.9353
 501.000       1.0801
 502.000       0.9633
 503.000       1.5379
 504.000       1.0800
 505.000       1.0817
 506.000       1.4659
 507.000       1.0338
 508.000       1.4212
 509.000       1.0388
 510.000       0.9884
 511.000       0.9565
 512.000       0.9138
 513.000       1.4362
 514.000       1.0257
 515.000       0.8603
 516.000       0.8826
 517.000       0.9513
 518.000       0.8453
 519.000       0.8409
 520.000       1.2015
 521.000       1.1470
 522.000       1.1706
 523.000       1.0389
 524.000       1.3734
 525.000       1.0799
 526.000       0.9324
 527.000       1.0446
 528.000       1.1701
 529.000       1.3402
 530.000       2.2123
 531.000       3.6536
