#Frame   AVERAGE_00016 AVERAGE_00016[SD]
       1        0.9862            0.1768
       2        1.0479            0.1999
       3        0.9671            0.2059
       4        0.8821            0.1728
       5        1.0359            0.1395
       6        1.5937            0.2797
       7        1.2386            0.1611
       8        0.8017            0.1306
       9        1.5835            0.1890
      10        1.6777            0.1156
      11        0.8864            0.1157
      12        0.8367            0.0924
      13        1.2500            0.0711
      14        0.9467            0.0774
      15        0.9255            0.0637
      16        1.6577            0.0805
      17        0.9434            0.0735
      18        0.8208            0.0841
      19        0.8415            0.0802
      20        1.3096            0.2236
      21        1.2225            0.0892
      22        0.9935            0.0995
      23        0.9354            0.1097
      24        0.8348            0.0941
      25        1.3092            0.1074
      26        1.1656            0.1214
      27        0.9192            0.1059
      28        0.9267            0.1118
      29        1.3021            0.1870
      30        1.3250            0.1782
      31        0.9832            0.0861
      32        1.0360            0.1030
      33        1.5286            0.1966
      34        1.7156            0.1044
      35        1.5854            0.0715
      36        1.4669            0.0955
      37        1.5182            0.1775
      38        1.8720            0.0581
      39        1.1621            0.1073
      40        1.3697            0.2390
      41        1.1013            0.1103
      42        1.1047            0.0463
      43        1.2226            0.1537
      44        0.9390            0.0777
      45        0.7780            0.0882
      46        0.8187            0.0947
      47        1.2441            0.0670
      48        0.7300            0.0766
      49        0.8081            0.0766
      50        0.7657            0.0837
      51        0.9503            0.0731
      52        0.6968            0.0747
      53        0.7433            0.0891
      54        0.8535            0.1065
      55        0.7138            0.0787
      56        0.8890            0.0806
      57        0.7693            0.0906
      58        0.8217            0.0904
      59        0.7564            0.0808
      60        0.8025            0.0909
      61        0.9442            0.1092
      62        1.1660            0.0688
      63        0.9164            0.1135
      64        0.7675            0.1064
      65        0.8257            0.1081
      66        0.9782            0.0885
      67        0.8243            0.0938
      68        0.8230            0.1122
      69        0.8728            0.1062
      70        0.8746            0.0956
      71        0.9321            0.1049
      72        1.3662            0.0949
      73        0.9071            0.1221
      74        1.0117            0.1227
      75        0.8784            0.1369
      76        0.8096            0.1298
      77        1.0006            0.1131
      78        0.8717            0.1205
      79        1.1207            0.1165
      80        0.8941            0.1411
      81        0.9382            0.1017
      82        1.4535            0.1213
      83        0.8854            0.1123
      84        0.8869            0.1259
      85        1.4389            0.1467
      86        1.7254            0.1548
      87        0.9887            0.1247
      88        1.2238            0.3179
      89        1.4545            0.1832
      90        2.8544            0.5616
      91        4.7509            0.7680
      92        5.1764            1.5355
