#Res        AtomicFlx
1034.000       1.5114
1035.000       1.3514
1036.000       1.2424
1037.000       1.3019
1038.000       1.5841
1039.000       1.1113
1040.000       1.1995
1041.000       1.1334
1042.000       1.4992
1043.000       1.2593
1044.000       1.0647
1045.000       1.0419
1046.000       1.0575
1047.000       1.0368
1048.000       0.9592
1049.000       1.2593
1050.000       1.2317
1051.000       1.0956
1052.000       1.1554
1053.000       1.7752
1054.000       1.7441
1055.000       1.2303
1056.000       1.7391
1057.000       1.1822
1058.000       1.2479
1059.000       1.7019
1060.000       1.3125
1061.000       1.0944
1062.000       1.0377
1063.000       1.0695
1064.000       0.9822
1065.000       0.9079
1066.000       0.9206
1067.000       0.9452
1068.000       0.9488
1069.000       0.9097
1070.000       0.9029
1071.000       0.9276
1072.000       0.9061
1073.000       0.9056
1074.000       1.1538
1075.000       1.0561
1076.000       0.9673
1077.000       0.9481
1078.000       1.0171
1079.000       1.2787
1080.000       1.0300
1081.000       1.0173
1082.000       1.4663
1083.000       1.1704
1084.000       1.0037
1085.000       1.0982
1086.000       1.4608
1087.000       1.1332
1088.000       1.1182
1089.000       1.9917
1090.000       1.7845
1091.000       1.5918
1092.000       1.7268
1093.000       1.2891
1094.000       1.3486
1095.000       1.3797
1096.000       1.0249
1097.000       1.0331
1098.000       0.9536
1099.000       1.3213
1100.000       1.0012
1101.000       0.9368
1102.000       1.2566
1103.000       1.0673
1104.000       1.0490
1105.000       1.1672
1106.000       1.8943
1107.000       1.8970
1108.000       2.1391
1109.000       2.7622
1110.000       2.6809
1111.000       1.6421
1112.000       1.7707
1113.000       2.3670
1114.000       1.6599
1115.000       2.1415
1116.000       2.2341
