#Res        AtomicFlx
 825.000       0.8993
 826.000       0.9465
 827.000       0.8393
 828.000       0.7785
 829.000       0.9300
 830.000       1.3538
 831.000       1.1207
 832.000       0.7272
 833.000       1.5064
 834.000       1.4261
 835.000       0.7907
 836.000       0.7737
 837.000       1.1145
 838.000       0.8568
 839.000       0.8335
 840.000       1.4901
 841.000       0.8130
 842.000       0.7230
 843.000       0.7487
 844.000       1.7840
 845.000       1.0271
 846.000       0.9345
 847.000       0.8372
 848.000       0.7282
 849.000       1.1947
 850.000       1.1374
 851.000       0.8073
 852.000       0.7624
 853.000       1.3191
 854.000       1.1073
 855.000       0.8526
 856.000       0.8758
 857.000       1.3338
 858.000       1.5800
 859.000       1.6008
 860.000       1.3952
 861.000       1.3490
 862.000       1.8881
 863.000       1.1661
 864.000       1.2352
 865.000       1.1247
 866.000       1.1578
 867.000       1.3974
 868.000       0.8766
 869.000       0.6667
 870.000       0.7301
 871.000       1.1841
 872.000       0.6397
 873.000       0.7683
 874.000       0.6562
 875.000       0.8851
 876.000       0.5970
 877.000       0.6459
 878.000       0.7026
 879.000       0.6098
 880.000       0.9606
 881.000       0.6836
 882.000       0.7670
 883.000       0.6860
 884.000       0.7405
 885.000       0.8974
 886.000       1.1150
 887.000       0.9443
 888.000       0.7266
 889.000       0.7755
 890.000       0.8986
 891.000       0.8012
 892.000       0.7979
 893.000       0.8370
 894.000       0.8568
 895.000       0.9276
 896.000       1.2946
 897.000       0.8881
 898.000       0.9331
 899.000       0.8324
 900.000       0.7650
 901.000       1.0147
 902.000       0.8747
 903.000       1.1762
 904.000       0.9840
 905.000       0.8886
 906.000       1.5257
 907.000       0.9017
 908.000       0.8678
 909.000       1.3732
 910.000       1.5591
 911.000       0.9976
 912.000       1.4196
 913.000       1.4399
 914.000       2.5584
 915.000       5.4666
 916.000       6.9359
