#Res        AtomicFlx
 459.000       0.8923
 460.000       1.3145
 461.000       0.8890
 462.000       0.8361
 463.000       0.8190
 464.000       1.3669
 465.000       0.9146
 466.000       0.8954
 467.000       0.7594
 468.000       0.8524
 469.000       0.8005
 470.000       0.7815
 471.000       0.8189
 472.000       0.8193
 473.000       0.9407
 474.000       0.9073
 475.000       0.8463
 476.000       0.8569
 477.000       0.8927
 478.000       0.9362
 479.000       0.7930
 480.000       0.8813
 481.000       1.3979
 482.000       1.0849
 483.000       0.8353
 484.000       0.9200
 485.000       0.8103
 486.000       0.8096
 487.000       0.7954
 488.000       1.1251
 489.000       0.8875
 490.000       0.7913
 491.000       0.8778
 492.000       1.2309
 493.000       1.0788
 494.000       0.7946
 495.000       0.7739
 496.000       1.5005
 497.000       0.9044
 498.000       0.7140
 499.000       0.8724
 500.000       0.7463
 501.000       0.7281
 502.000       0.7685
 503.000       1.4173
 504.000       0.8240
 505.000       0.8872
 506.000       1.2971
 507.000       0.8576
 508.000       1.2296
 509.000       0.8671
 510.000       0.8251
 511.000       0.8056
 512.000       0.7594
 513.000       1.2476
 514.000       0.8908
 515.000       0.7094
 516.000       0.7568
 517.000       0.8072
 518.000       0.7389
 519.000       0.8033
 520.000       1.1102
 521.000       1.3660
 522.000       1.1909
 523.000       1.0556
 524.000       1.4172
 525.000       1.0588
 526.000       0.8489
 527.000       0.7178
 528.000       0.8189
 529.000       1.0590
 530.000       1.9687
 531.000       3.6907
