#Res        AtomicFlx
1034.000       1.1127
1035.000       1.3056
1036.000       1.0438
1037.000       1.1337
1038.000       1.6203
1039.000       1.0150
1040.000       1.0579
1041.000       0.9354
1042.000       1.1330
1043.000       1.0946
1044.000       0.8736
1045.000       0.8885
1046.000       0.9281
1047.000       1.4753
1048.000       0.8547
1049.000       1.1176
1050.000       1.2397
1051.000       1.0089
1052.000       1.0182
1053.000       1.7680
1054.000       1.6134
1055.000       1.2123
1056.000       1.6323
1057.000       1.2810
1058.000       1.4898
1059.000       1.8965
1060.000       1.3594
1061.000       0.9236
1062.000       0.9125
1063.000       1.0187
1064.000       0.8868
1065.000       0.7915
1066.000       0.8226
1067.000       0.8465
1068.000       0.8409
1069.000       0.8196
1070.000       0.7779
1071.000       0.8110
1072.000       0.8284
1073.000       0.7762
1074.000       0.9437
1075.000       0.9612
1076.000       0.8601
1077.000       0.7947
1078.000       0.8750
1079.000       1.2061
1080.000       0.9366
1081.000       0.8676
1082.000       1.3608
1083.000       1.1198
1084.000       0.9145
1085.000       1.0194
1086.000       1.4569
1087.000       1.1221
1088.000       1.0687
1089.000       1.7168
1090.000       1.8294
1091.000       1.6364
1092.000       1.7352
1093.000       1.2983
1094.000       1.2032
1095.000       1.3278
1096.000       0.8255
1097.000       0.8436
1098.000       0.8100
1099.000       1.1300
1100.000       0.9020
1101.000       0.8633
1102.000       1.2072
1103.000       1.2916
1104.000       1.1237
1105.000       1.3642
1106.000       2.4903
1107.000       1.9843
1108.000       2.0711
1109.000       2.6385
1110.000       2.1097
1111.000       1.8407
1112.000       2.5703
1113.000       2.7668
1114.000       1.8661
1115.000       1.8023
1116.000       2.1103
