#Res        AtomicFlx
 459.000       0.8509
 460.000       1.0778
 461.000       0.7535
 462.000       0.7209
 463.000       0.6815
 464.000       1.1707
 465.000       0.7723
 466.000       0.7344
 467.000       0.6238
 468.000       0.6529
 469.000       0.6724
 470.000       0.6798
 471.000       0.6674
 472.000       0.6490
 473.000       0.7138
 474.000       0.7104
 475.000       0.6691
 476.000       0.7114
 477.000       0.7472
 478.000       0.8094
 479.000       0.6917
 480.000       0.7304
 481.000       1.3497
 482.000       1.0035
 483.000       0.7154
 484.000       0.7664
 485.000       0.7585
 486.000       0.7751
 487.000       0.6915
 488.000       1.0457
 489.000       0.8725
 490.000       0.7711
 491.000       0.8455
 492.000       1.2181
 493.000       1.1073
 494.000       0.7827
 495.000       0.7141
 496.000       1.5399
 497.000       0.9427
 498.000       0.6580
 499.000       0.7301
 500.000       0.7417
 501.000       0.7272
 502.000       0.6933
 503.000       1.3860
 504.000       1.0914
 505.000       0.8693
 506.000       1.2901
 507.000       0.7958
 508.000       1.1661
 509.000       0.7287
 510.000       0.6778
 511.000       0.6873
 512.000       0.6629
 513.000       1.2806
 514.000       0.8640
 515.000       0.6664
 516.000       0.7218
 517.000       0.8032
 518.000       0.8170
 519.000       0.8654
 520.000       1.2561
 521.000       1.3587
 522.000       1.4259
 523.000       1.2883
 524.000       1.5016
 525.000       1.3219
 526.000       0.9358
 527.000       1.0000
 528.000       0.9100
 529.000       1.0220
 530.000       2.0334
 531.000       3.8054
