#Res        AtomicFlx
 946.000       0.8528
 947.000       1.0664
 948.000       0.7788
 949.000       0.7203
 950.000       0.7043
 951.000       0.9988
 952.000       0.8090
 953.000       0.7631
 954.000       0.6192
 955.000       0.6700
 956.000       0.6817
 957.000       0.6664
 958.000       0.6695
 959.000       0.6521
 960.000       0.7448
 961.000       0.7585
 962.000       0.7019
 963.000       0.7507
 964.000       0.7995
 965.000       0.8631
 966.000       0.7919
 967.000       0.8004
 968.000       1.4147
 969.000       1.1508
 970.000       0.7723
 971.000       0.8585
 972.000       0.8438
 973.000       0.9048
 974.000       0.7783
 975.000       1.1366
 976.000       0.9273
 977.000       0.7602
 978.000       0.9037
 979.000       1.2552
 980.000       1.1829
 981.000       0.7570
 982.000       0.7326
 983.000       1.6818
 984.000       0.7405
 985.000       0.6977
 986.000       0.7692
 987.000       0.7411
 988.000       0.7246
 989.000       0.7552
 990.000       1.3948
 991.000       0.8527
 992.000       0.8629
 993.000       1.2864
 994.000       0.8524
 995.000       1.1956
 996.000       0.8622
 997.000       0.7757
 998.000       0.7587
 999.000       0.7158
1000.000       1.2635
1001.000       0.8825
1002.000       0.6609
1003.000       0.6968
1004.000       0.8043
1005.000       0.6813
1006.000       0.6635
1007.000       1.0133
1008.000       0.9891
1009.000       1.0163
1010.000       0.7973
1011.000       1.1313
1012.000       0.8509
1013.000       0.7230
1014.000       0.7298
1015.000       0.7895
1016.000       1.1888
1017.000       1.8526
1018.000       3.2262
