#Res        AtomicFlx
 825.000       0.8876
 826.000       1.0156
 827.000       0.8041
 828.000       0.7311
 829.000       0.9133
 830.000       1.5692
 831.000       1.1194
 832.000       0.7118
 833.000       1.6607
 834.000       1.7651
 835.000       0.8905
 836.000       0.8075
 837.000       1.2005
 838.000       0.8973
 839.000       0.8818
 840.000       1.6183
 841.000       0.7900
 842.000       0.6967
 843.000       0.7100
 844.000       1.0635
 845.000       1.0562
 846.000       0.9329
 847.000       0.8009
 848.000       0.7305
 849.000       1.1246
 850.000       0.9308
 851.000       0.8205
 852.000       0.7825
 853.000       1.5002
 854.000       1.1123
 855.000       0.9041
 856.000       0.9173
 857.000       1.4097
 858.000       1.5306
 859.000       1.6039
 860.000       1.3275
 861.000       1.3913
 862.000       1.7981
 863.000       1.1335
 864.000       1.8848
 865.000       1.0466
 866.000       1.1767
 867.000       1.0271
 868.000       0.8164
 869.000       0.6743
 870.000       0.7244
 871.000       1.1201
 872.000       0.6260
 873.000       0.7290
 874.000       0.6365
 875.000       0.8861
 876.000       0.6072
 877.000       0.6212
 878.000       0.6379
 879.000       0.6309
 880.000       0.8181
 881.000       0.6817
 882.000       0.6663
 883.000       0.6712
 884.000       0.7097
 885.000       0.8976
 886.000       1.1592
 887.000       0.7507
 888.000       0.6556
 889.000       0.7169
 890.000       0.8940
 891.000       0.7225
 892.000       0.7056
 893.000       0.7625
 894.000       0.7843
 895.000       0.8348
 896.000       1.2236
 897.000       0.7856
 898.000       0.8453
 899.000       0.7267
 900.000       0.6759
 901.000       0.9642
 902.000       0.8057
 903.000       1.1953
 904.000       0.7351
 905.000       0.8832
 906.000       1.3291
 907.000       0.8935
 908.000       0.8464
 909.000       1.4990
 910.000       1.9152
 911.000       0.9480
 912.000       1.6702
 913.000       1.3795
 914.000       3.6293
 915.000       4.5520
 916.000       5.9454
