#Res        AtomicFlx
 693.000       0.8897
 694.000       0.7163
 695.000       0.9049
 696.000       0.8250
 697.000       0.7290
 698.000       1.4433
 699.000       1.0138
 700.000       0.7422
 701.000       0.8083
 702.000       1.2462
 703.000       1.4996
 704.000       0.9793
 705.000       1.7864
 706.000       1.2414
 707.000       1.8356
 708.000       0.9160
 709.000       0.7398
 710.000       0.6960
 711.000       0.7495
 712.000       0.9313
 713.000       1.2458
 714.000       0.6461
 715.000       0.7693
 716.000       0.8450
 717.000       0.7150
 718.000       0.7602
 719.000       0.7987
 720.000       0.7806
 721.000       0.9801
 722.000       0.6879
 723.000       0.9030
 724.000       1.1043
 725.000       0.7115
 726.000       0.9478
 727.000       1.3914
 728.000       1.4231
 729.000       0.7438
 730.000       0.8012
 731.000       0.8364
 732.000       1.0185
 733.000       0.8285
 734.000       0.9456
 735.000       1.4952
 736.000       0.9555
 737.000       0.9478
 738.000       1.2336
 739.000       0.8863
 740.000       1.1623
 741.000       1.4382
 742.000       1.5252
 743.000       0.9980
 744.000       0.8626
 745.000       0.8314
 746.000       0.7921
 747.000       0.8844
 748.000       1.6026
 749.000       0.7894
 750.000       0.7545
 751.000       1.1682
 752.000       0.7864
 753.000       0.7322
 754.000       0.8042
 755.000       1.4422
 756.000       0.8324
 757.000       1.0167
 758.000       1.0127
 759.000       1.2561
 760.000       1.2702
 761.000       1.9213
 762.000       1.2141
 763.000       0.9260
 764.000       1.4756
 765.000       1.4912
 766.000       0.8499
 767.000       0.9027
 768.000       1.0595
 769.000       1.1585
 770.000       0.8616
 771.000       0.9961
 772.000       1.3435
 773.000       0.8942
 774.000       1.0410
 775.000       1.1452
 776.000       1.3493
 777.000       1.2270
 778.000       1.4792
 779.000       2.4464
 780.000       3.9123
