#Res        AtomicFlx
1180.000       1.1048
1181.000       1.0781
1182.000       1.3981
1183.000       1.0298
1184.000       0.9784
1185.000       1.5436
1186.000       1.2036
1187.000       0.9138
1188.000       1.0247
1189.000       1.3435
1190.000       1.6022
1191.000       1.0638
1192.000       1.1256
1193.000       1.2936
1194.000       1.6546
1195.000       1.0679
1196.000       0.9367
1197.000       0.9272
1198.000       0.9851
1199.000       1.2090
1200.000       1.5010
1201.000       0.8885
1202.000       1.1829
1203.000       1.0919
1204.000       0.9712
1205.000       0.9539
1206.000       0.9254
1207.000       1.0197
1208.000       1.1919
1209.000       0.8571
1210.000       1.0076
1211.000       1.3597
1212.000       0.8978
1213.000       1.0995
1214.000       1.4120
1215.000       1.5877
1216.000       0.8384
1217.000       0.8698
1218.000       0.8959
1219.000       1.1860
1220.000       0.8843
1221.000       0.9998
1222.000       1.5536
1223.000       1.0138
1224.000       1.0680
1225.000       1.3713
1226.000       1.0808
1227.000       1.5260
1228.000       1.7729
1229.000       1.7686
1230.000       1.5986
1231.000       1.2412
1232.000       0.9734
1233.000       0.9454
1234.000       1.0023
1235.000       1.7199
1236.000       0.9305
1237.000       0.8545
1238.000       1.2539
1239.000       0.8824
1240.000       0.8367
1241.000       0.9054
1242.000       1.5112
1243.000       0.9579
1244.000       1.0049
1245.000       1.1405
1246.000       1.3887
1247.000       1.3696
1248.000       1.9837
1249.000       1.2865
1250.000       1.0447
1251.000       1.5654
1252.000       1.5649
1253.000       0.9545
1254.000       1.0045
1255.000       1.1570
1256.000       1.2651
1257.000       0.9454
1258.000       1.1182
1259.000       1.4119
1260.000       0.9799
1261.000       1.0866
1262.000       1.1669
1263.000       1.3905
1264.000       1.2773
1265.000       1.3792
1266.000       1.6923
1267.000       2.4240
