#Res        AtomicFlx
 547.000       1.1989
 548.000       0.9890
 549.000       1.0517
 550.000       1.1969
 551.000       1.5640
 552.000       1.0219
 553.000       1.0807
 554.000       0.9406
 555.000       1.1871
 556.000       0.8688
 557.000       0.8293
 558.000       0.7988
 559.000       0.8374
 560.000       1.0005
 561.000       0.7294
 562.000       0.8591
 563.000       0.9446
 564.000       0.8437
 565.000       0.8729
 566.000       1.3864
 567.000       1.7363
 568.000       1.2908
 569.000       2.3402
 570.000       0.9518
 571.000       1.0516
 572.000       1.4732
 573.000       1.0041
 574.000       0.7945
 575.000       0.8057
 576.000       0.8874
 577.000       0.7981
 578.000       0.7035
 579.000       0.7212
 580.000       0.7850
 581.000       0.8205
 582.000       0.6999
 583.000       0.7057
 584.000       0.7569
 585.000       0.7374
 586.000       0.7062
 587.000       0.9429
 588.000       0.9249
 589.000       0.8095
 590.000       0.7429
 591.000       0.8359
 592.000       1.2099
 593.000       0.8368
 594.000       0.8266
 595.000       1.3135
 596.000       1.0375
 597.000       0.8201
 598.000       0.9436
 599.000       1.3972
 600.000       1.0705
 601.000       1.0280
 602.000       1.7023
 603.000       1.8182
 604.000       1.6392
 605.000       1.7409
 606.000       1.4046
 607.000       1.3236
 608.000       1.1897
 609.000       0.7570
 610.000       0.7682
 611.000       0.7410
 612.000       1.0805
 613.000       0.8348
 614.000       0.8154
 615.000       1.1906
 616.000       1.2872
 617.000       1.0780
 618.000       1.2498
 619.000       1.9944
 620.000       2.0014
 621.000       1.9514
 622.000       2.3125
 623.000       2.0901
 624.000       1.7583
 625.000       2.5770
 626.000       2.8444
 627.000       1.7642
 628.000       1.7604
 629.000       1.4580
