#Res        AtomicFlx
 693.000       0.9557
 694.000       0.8612
 695.000       1.1044
 696.000       0.9053
 697.000       0.8096
 698.000       1.4197
 699.000       1.2188
 700.000       0.8699
 701.000       0.9646
 702.000       1.3687
 703.000       1.5313
 704.000       1.0661
 705.000       1.1708
 706.000       1.3291
 707.000       1.6742
 708.000       1.0872
 709.000       0.9231
 710.000       0.8548
 711.000       0.8659
 712.000       1.0021
 713.000       1.1692
 714.000       0.7324
 715.000       0.8872
 716.000       0.8100
 717.000       0.7335
 718.000       0.8109
 719.000       0.8172
 720.000       0.7635
 721.000       1.0081
 722.000       0.8297
 723.000       1.0087
 724.000       0.9840
 725.000       0.8211
 726.000       1.0019
 727.000       1.3679
 728.000       1.2652
 729.000       0.8737
 730.000       0.8731
 731.000       0.9598
 732.000       1.2392
 733.000       0.9247
 734.000       1.0264
 735.000       1.5584
 736.000       0.9838
 737.000       1.0312
 738.000       1.3760
 739.000       1.0527
 740.000       1.4550
 741.000       1.5978
 742.000       1.7921
 743.000       1.2356
 744.000       1.0123
 745.000       0.9231
 746.000       0.8688
 747.000       0.9665
 748.000       1.8986
 749.000       0.9381
 750.000       0.8550
 751.000       1.2164
 752.000       0.9565
 753.000       0.8844
 754.000       0.9323
 755.000       1.4920
 756.000       1.0210
 757.000       1.1529
 758.000       1.0438
 759.000       1.1062
 760.000       1.2411
 761.000       1.8480
 762.000       1.1688
 763.000       1.0240
 764.000       1.5608
 765.000       1.5331
 766.000       0.9389
 767.000       1.0092
 768.000       1.1475
 769.000       1.2311
 770.000       0.9281
 771.000       1.0663
 772.000       1.3892
 773.000       0.9309
 774.000       1.0679
 775.000       1.1701
 776.000       1.3943
 777.000       1.1712
 778.000       1.3672
 779.000       2.3951
 780.000       3.5710
