#Res        AtomicFlx
 693.000       0.9465
 694.000       0.8681
 695.000       1.1380
 696.000       0.9304
 697.000       0.8289
 698.000       1.3224
 699.000       1.2018
 700.000       0.8938
 701.000       0.9497
 702.000       1.3482
 703.000       1.5756
 704.000       1.0682
 705.000       1.6143
 706.000       1.3567
 707.000       1.8768
 708.000       1.0530
 709.000       0.8873
 710.000       0.8174
 711.000       0.8369
 712.000       0.9997
 713.000       1.3503
 714.000       0.7215
 715.000       0.9589
 716.000       0.8427
 717.000       0.7396
 718.000       0.8039
 719.000       0.7847
 720.000       0.7103
 721.000       0.9686
 722.000       0.7789
 723.000       0.8510
 724.000       0.8896
 725.000       0.7261
 726.000       0.9122
 727.000       1.3354
 728.000       0.9500
 729.000       0.7485
 730.000       0.7566
 731.000       0.7797
 732.000       1.1559
 733.000       0.8420
 734.000       1.0263
 735.000       1.3682
 736.000       0.8421
 737.000       0.8757
 738.000       1.1698
 739.000       0.8982
 740.000       1.2175
 741.000       1.4127
 742.000       1.7403
 743.000       1.0452
 744.000       0.8063
 745.000       0.8588
 746.000       0.7333
 747.000       0.8505
 748.000       1.5011
 749.000       0.8961
 750.000       0.7227
 751.000       1.0861
 752.000       0.8050
 753.000       0.7575
 754.000       0.8193
 755.000       1.3778
 756.000       0.8705
 757.000       1.0048
 758.000       1.1217
 759.000       1.3830
 760.000       1.3789
 761.000       1.9733
 762.000       1.2656
 763.000       1.0309
 764.000       1.5926
 765.000       1.6416
 766.000       0.9318
 767.000       1.0282
 768.000       1.1666
 769.000       1.2482
 770.000       0.9198
 771.000       1.0581
 772.000       1.4441
 773.000       0.9698
 774.000       1.0777
 775.000       1.2261
 776.000       1.4829
 777.000       1.1765
 778.000       1.4256
 779.000       2.3661
 780.000       3.4885
