#Res        AtomicFlx
1034.000       1.3170
1035.000       1.5159
1036.000       1.0887
1037.000       1.1471
1038.000       1.4243
1039.000       1.0266
1040.000       1.0375
1041.000       0.9540
1042.000       1.2255
1043.000       1.1037
1044.000       0.9214
1045.000       0.9261
1046.000       0.9902
1047.000       1.2070
1048.000       0.9354
1049.000       1.2188
1050.000       1.4020
1051.000       1.1544
1052.000       1.1989
1053.000       2.0102
1054.000       1.9053
1055.000       1.2220
1056.000       1.6220
1057.000       1.1722
1058.000       1.3301
1059.000       1.8706
1060.000       1.7529
1061.000       1.1866
1062.000       1.1771
1063.000       1.2494
1064.000       0.9778
1065.000       0.8746
1066.000       0.8994
1067.000       0.8868
1068.000       0.9019
1069.000       0.8457
1070.000       0.8327
1071.000       0.8357
1072.000       0.8666
1073.000       0.8781
1074.000       1.0309
1075.000       1.0015
1076.000       0.9866
1077.000       0.8681
1078.000       0.8991
1079.000       1.2360
1080.000       0.9783
1081.000       0.9418
1082.000       1.3493
1083.000       1.1323
1084.000       0.9366
1085.000       0.9970
1086.000       1.3816
1087.000       1.0890
1088.000       1.0560
1089.000       1.6080
1090.000       1.7654
1091.000       1.5754
1092.000       1.7063
1093.000       1.2968
1094.000       1.1703
1095.000       1.1655
1096.000       0.8826
1097.000       0.9124
1098.000       0.8975
1099.000       1.0802
1100.000       0.9743
1101.000       1.0033
1102.000       1.2684
1103.000       1.3892
1104.000       1.2040
1105.000       1.4329
1106.000       2.1033
1107.000       1.9422
1108.000       2.1847
1109.000       2.7329
1110.000       2.8703
1111.000       1.8105
1112.000       2.0332
1113.000       2.5086
1114.000       1.8167
1115.000       2.4773
1116.000       2.3470
