#Res        AtomicFlx
 946.000       0.9673
 947.000       1.2129
 948.000       0.8060
 949.000       0.7290
 950.000       0.7268
 951.000       1.2398
 952.000       0.7643
 953.000       0.7055
 954.000       0.6354
 955.000       0.7061
 956.000       0.6732
 957.000       0.6779
 958.000       0.6919
 959.000       0.6901
 960.000       0.8285
 961.000       0.9111
 962.000       0.7618
 963.000       0.7864
 964.000       0.8397
 965.000       0.9061
 966.000       0.7765
 967.000       0.8283
 968.000       1.3986
 969.000       1.0935
 970.000       0.7822
 971.000       0.8805
 972.000       0.8236
 973.000       0.9106
 974.000       0.7827
 975.000       1.1201
 976.000       0.9090
 977.000       0.7925
 978.000       0.8787
 979.000       1.2399
 980.000       1.1429
 981.000       0.7753
 982.000       0.7466
 983.000       1.4761
 984.000       0.7691
 985.000       0.7243
 986.000       0.8032
 987.000       0.7883
 988.000       0.7919
 989.000       0.8074
 990.000       1.4610
 991.000       0.9558
 992.000       0.9753
 993.000       1.4547
 994.000       0.8601
 995.000       1.2467
 996.000       0.8263
 997.000       0.7652
 998.000       0.7750
 999.000       0.7413
1000.000       1.2635
1001.000       0.9189
1002.000       0.7032
1003.000       0.7347
1004.000       0.8546
1005.000       0.7308
1006.000       0.7648
1007.000       1.1598
1008.000       1.2869
1009.000       1.2945
1010.000       1.1808
1011.000       1.9521
1012.000       0.9447
1013.000       0.7549
1014.000       0.7710
1015.000       0.8121
1016.000       1.1171
1017.000       1.9199
1018.000       3.7119
