#Res        AtomicFlx
 946.000       0.7974
 947.000       1.2153
 948.000       0.7853
 949.000       0.7550
 950.000       0.7315
 951.000       1.2507
 952.000       1.1167
 953.000       0.7436
 954.000       0.6730
 955.000       0.7483
 956.000       0.6634
 957.000       0.7012
 958.000       0.7404
 959.000       0.7524
 960.000       0.8746
 961.000       0.8744
 962.000       0.8212
 963.000       0.8493
 964.000       0.8778
 965.000       0.9317
 966.000       0.7730
 967.000       0.8047
 968.000       1.3742
 969.000       1.0398
 970.000       0.7442
 971.000       0.8320
 972.000       0.7775
 973.000       0.7913
 974.000       0.7011
 975.000       1.0680
 976.000       0.7751
 977.000       0.6882
 978.000       0.7242
 979.000       1.2455
 980.000       0.7821
 981.000       0.6133
 982.000       0.6593
 983.000       1.2018
 984.000       0.6083
 985.000       0.6419
 986.000       0.7342
 987.000       0.6986
 988.000       0.7038
 989.000       0.7907
 990.000       1.3877
 991.000       0.9684
 992.000       0.9771
 993.000       1.4140
 994.000       0.8993
 995.000       1.3049
 996.000       0.8515
 997.000       0.7686
 998.000       0.7440
 999.000       0.6786
1000.000       1.3407
1001.000       0.8753
1002.000       0.6117
1003.000       0.6449
1004.000       0.7660
1005.000       0.5893
1006.000       0.6042
1007.000       0.9922
1008.000       0.6933
1009.000       0.7056
1010.000       0.8315
1011.000       0.9646
1012.000       0.9040
1013.000       0.7347
1014.000       0.8551
1015.000       0.9745
1016.000       1.0975
1017.000       2.0559
1018.000       3.7026
