#Res        AtomicFlx
 459.000       1.0876
 460.000       1.3080
 461.000       0.8034
 462.000       0.7587
 463.000       0.7717
 464.000       1.3073
 465.000       0.8229
 466.000       0.7997
 467.000       0.6804
 468.000       0.7293
 469.000       0.7455
 470.000       0.7249
 471.000       0.7194
 472.000       0.7080
 473.000       0.8107
 474.000       0.7875
 475.000       0.7531
 476.000       0.7851
 477.000       0.8353
 478.000       0.9040
 479.000       0.7683
 480.000       0.8383
 481.000       1.3208
 482.000       1.0724
 483.000       0.7815
 484.000       1.0680
 485.000       0.8423
 486.000       0.8469
 487.000       0.7803
 488.000       1.0543
 489.000       0.8947
 490.000       0.7775
 491.000       0.9025
 492.000       1.2608
 493.000       1.1010
 494.000       0.8097
 495.000       0.7748
 496.000       1.4596
 497.000       0.9148
 498.000       0.7673
 499.000       0.8520
 500.000       0.8192
 501.000       0.8195
 502.000       0.8707
 503.000       1.5204
 504.000       1.1545
 505.000       1.0251
 506.000       1.4368
 507.000       0.9755
 508.000       1.3232
 509.000       0.9576
 510.000       0.8891
 511.000       0.8909
 512.000       0.8504
 513.000       1.3352
 514.000       0.9298
 515.000       0.7517
 516.000       0.7906
 517.000       0.8796
 518.000       0.7128
 519.000       0.7195
 520.000       1.0397
 521.000       1.0241
 522.000       1.1271
 523.000       0.9026
 524.000       1.2319
 525.000       1.0259
 526.000       0.8942
 527.000       1.1500
 528.000       1.1373
 529.000       1.2780
 530.000       2.2544
 531.000       3.7051
