#Res        AtomicFlx
1180.000       1.1023
1181.000       1.0993
1182.000       1.4406
1183.000       1.0647
1184.000       0.9562
1185.000       1.4782
1186.000       1.3745
1187.000       0.9923
1188.000       1.0061
1189.000       1.4669
1190.000       1.6856
1191.000       1.1798
1192.000       1.7736
1193.000       1.4694
1194.000       1.9296
1195.000       1.1534
1196.000       1.0194
1197.000       0.9207
1198.000       0.9514
1199.000       1.0786
1200.000       1.3269
1201.000       0.7766
1202.000       1.1544
1203.000       0.8602
1204.000       0.7724
1205.000       0.7998
1206.000       0.8698
1207.000       0.7373
1208.000       0.9762
1209.000       0.7922
1210.000       0.8677
1211.000       0.9150
1212.000       0.7700
1213.000       0.9718
1214.000       1.2188
1215.000       1.1163
1216.000       0.7193
1217.000       0.7089
1218.000       0.7673
1219.000       1.0428
1220.000       0.7560
1221.000       0.9162
1222.000       1.1323
1223.000       0.8622
1224.000       0.9813
1225.000       1.3635
1226.000       1.0086
1227.000       1.5295
1228.000       1.7323
1229.000       1.8611
1230.000       1.5209
1231.000       1.0374
1232.000       0.9549
1233.000       0.8446
1234.000       0.9403
1235.000       1.8119
1236.000       0.9525
1237.000       0.7726
1238.000       1.1334
1239.000       0.8031
1240.000       0.7368
1241.000       0.8481
1242.000       1.3639
1243.000       0.8427
1244.000       1.0168
1245.000       0.9784
1246.000       1.1332
1247.000       1.2091
1248.000       1.9030
1249.000       1.1856
1250.000       0.9609
1251.000       1.5252
1252.000       1.5354
1253.000       0.9132
1254.000       0.9646
1255.000       1.1352
1256.000       1.2416
1257.000       0.9454
1258.000       1.0781
1259.000       1.4485
1260.000       1.0245
1261.000       1.1698
1262.000       1.2684
1263.000       1.5787
1264.000       1.4053
1265.000       2.1421
1266.000       3.6928
1267.000       4.4044
