#Frame   AVERAGE_00016 AVERAGE_00016[SD]
       1        1.1940            0.1102
       2        1.2218            0.1793
       3        1.0438            0.0871
       4        1.1546            0.1017
       5        1.5691            0.0688
       6        1.0017            0.1020
       7        1.0511            0.1184
       8        0.9308            0.0965
       9        1.1770            0.0964
      10        1.0111            0.1358
      11        0.8542            0.0717
      12        0.8435            0.0684
      13        0.8970            0.0665
      14        1.1562            0.2213
      15        0.8109            0.0630
      16        0.9961            0.1090
      17        1.1936            0.1777
      18        0.9794            0.1047
      19        0.9881            0.0885
      20        1.5638            0.2516
      21        1.6546            0.1104
      22        1.0980            0.1189
      23        1.5612            0.3354
      24        1.0516            0.1169
      25        1.1601            0.1731
      26        1.6157            0.1630
      27        1.3422            0.2220
      28        0.9678            0.1053
      29        0.9747            0.1464
      30        1.0410            0.1368
      31        0.8872            0.0565
      32        0.7868            0.0447
      33        0.7909            0.0521
      34        0.8237            0.0514
      35        0.8566            0.0560
      36        0.7708            0.0499
      37        0.7511            0.0595
      38        0.7870            0.0705
      39        0.7997            0.0742
      40        0.7752            0.0633
      41        0.9720            0.0789
      42        0.9773            0.0824
      43        0.8647            0.0930
      44        0.7901            0.0745
      45        0.8599            0.0875
      46        1.2172            0.0797
      47        0.9059            0.0606
      48        0.8610            0.0728
      49        1.3298            0.0653
      50        1.0658            0.0701
      51        0.8709            0.0746
      52        0.9754            0.0844
      53        1.3861            0.1062
      54        1.0785            0.0914
      55        1.0469            0.0857
      56        1.7829            0.1454
      57        1.7897            0.1069
      58        1.5899            0.0841
      59        1.7315            0.0832
      60        1.3808            0.1063
      61        1.2416            0.1213
      62        1.2201            0.1586
      63        0.8147            0.0705
      64        0.8287            0.0718
      65        0.7887            0.0742
      66        1.0438            0.1889
      67        0.8769            0.0718
      68        0.8558            0.0668
      69        1.2053            0.0824
      70        1.2541            0.0924
      71        1.0617            0.0900
      72        1.2810            0.1032
      73        2.0957            0.2566
      74        1.8518            0.2058
      75        1.9677            0.1924
      76        2.2791            0.2987
      77        2.1246            0.4531
      78        1.6261            0.2443
      79        1.8694            0.4633
      80        2.1334            0.5821
      81        1.5665            0.3283
      82        1.6475            0.4457
      83        1.7115            0.4133
