#Res        AtomicFlx
 547.000       1.2682
 548.000       1.0771
 549.000       1.1854
 550.000       1.3439
 551.000       1.6427
 552.000       1.1697
 553.000       1.2714
 554.000       1.1088
 555.000       1.3168
 556.000       1.0980
 557.000       0.9195
 558.000       0.8902
 559.000       0.9446
 560.000       1.1748
 561.000       0.7969
 562.000       1.0049
 563.000       1.1154
 564.000       0.9309
 565.000       0.9748
 566.000       1.6607
 567.000       1.6692
 568.000       1.0240
 569.000       1.4367
 570.000       0.9599
 571.000       1.0189
 572.000       1.6303
 573.000       1.3193
 574.000       0.9452
 575.000       0.9055
 576.000       0.9853
 577.000       0.9079
 578.000       0.8011
 579.000       0.8015
 580.000       0.8972
 581.000       0.9699
 582.000       0.7958
 583.000       0.8244
 584.000       0.9086
 585.000       0.9345
 586.000       0.8454
 587.000       1.1013
 588.000       1.1466
 589.000       1.0272
 590.000       0.8951
 591.000       1.0173
 592.000       1.3980
 593.000       0.9528
 594.000       0.9479
 595.000       1.4298
 596.000       1.1252
 597.000       0.9153
 598.000       1.0868
 599.000       1.5377
 600.000       1.1751
 601.000       1.1456
 602.000       1.8326
 603.000       1.9218
 604.000       1.6512
 605.000       1.8520
 606.000       1.5155
 607.000       1.4657
 608.000       1.4494
 609.000       0.8384
 610.000       0.8177
 611.000       0.7297
 612.000       1.2948
 613.000       0.8903
 614.000       0.8174
 615.000       1.3065
 616.000       1.2295
 617.000       0.9484
 618.000       1.1331
 619.000       1.6783
 620.000       1.4251
 621.000       1.7874
 622.000       1.8558
 623.000       1.6095
 624.000       1.5655
 625.000       1.3728
 626.000       1.3431
 627.000       1.1488
 628.000       0.9736
 629.000       1.2510
