#Res        AtomicFlx
 338.000       0.8939
 339.000       0.8940
 340.000       0.8600
 341.000       0.8005
 342.000       0.8892
 343.000       1.3717
 344.000       1.3068
 345.000       0.7452
 346.000       1.2785
 347.000       1.8048
 348.000       0.8459
 349.000       0.8166
 350.000       1.3076
 351.000       0.9389
 352.000       0.9756
 353.000       1.5582
 354.000       0.8937
 355.000       0.8095
 356.000       0.8163
 357.000       1.0570
 358.000       1.2142
 359.000       1.0592
 360.000       0.9167
 361.000       0.8347
 362.000       1.3211
 363.000       1.2061
 364.000       0.8908
 365.000       0.8802
 366.000       1.4615
 367.000       1.4511
 368.000       0.9544
 369.000       1.0385
 370.000       1.6187
 371.000       1.7103
 372.000       1.5445
 373.000       1.6011
 374.000       1.7487
 375.000       2.3572
 376.000       1.3470
 377.000       1.4384
 378.000       1.1106
 379.000       1.1761
 380.000       1.4166
 381.000       1.0384
 382.000       0.8378
 383.000       0.8912
 384.000       1.2504
 385.000       0.7650
 386.000       0.8097
 387.000       0.7621
 388.000       0.9408
 389.000       0.6872
 390.000       0.7366
 391.000       0.7348
 392.000       0.6980
 393.000       0.7991
 394.000       0.7413
 395.000       0.7955
 396.000       0.7135
 397.000       0.7331
 398.000       0.9279
 399.000       1.1704
 400.000       0.7482
 401.000       0.6929
 402.000       0.7548
 403.000       0.9215
 404.000       0.7411
 405.000       0.7386
 406.000       0.8065
 407.000       0.7976
 408.000       0.8568
 409.000       1.2961
 410.000       0.8167
 411.000       0.8882
 412.000       0.7742
 413.000       0.7167
 414.000       0.9140
 415.000       0.8094
 416.000       1.0505
 417.000       0.8158
 418.000       0.9284
 419.000       1.4609
 420.000       0.9253
 421.000       0.8659
 422.000       1.4184
 423.000       1.9137
 424.000       1.0407
 425.000       1.1964
 426.000       1.5390
 427.000       2.7010
 428.000       5.6690
 429.000       5.6460
