#Res        AtomicFlx
 825.000       0.9769
 826.000       1.1094
 827.000       0.9546
 828.000       0.8353
 829.000       0.9750
 830.000       1.2408
 831.000       1.0483
 832.000       0.7303
 833.000       1.8769
 834.000       1.5908
 835.000       0.7941
 836.000       0.7689
 837.000       1.1655
 838.000       0.8517
 839.000       0.8229
 840.000       1.3660
 841.000       0.8265
 842.000       0.7064
 843.000       0.7194
 844.000       1.1674
 845.000       1.0648
 846.000       0.9185
 847.000       0.8075
 848.000       0.7217
 849.000       1.1962
 850.000       0.8938
 851.000       0.7922
 852.000       0.7819
 853.000       1.3242
 854.000       1.2566
 855.000       0.8976
 856.000       0.9320
 857.000       1.4383
 858.000       1.5536
 859.000       1.4621
 860.000       1.3807
 861.000       1.3904
 862.000       1.7540
 863.000       1.1072
 864.000       1.0725
 865.000       1.0103
 866.000       1.1692
 867.000       1.4119
 868.000       0.8798
 869.000       0.6845
 870.000       0.7575
 871.000       1.1774
 872.000       0.6669
 873.000       0.8024
 874.000       0.6576
 875.000       0.8513
 876.000       0.6401
 877.000       0.6678
 878.000       0.6781
 879.000       0.6652
 880.000       1.0026
 881.000       0.7140
 882.000       0.7247
 883.000       0.6841
 884.000       0.7381
 885.000       0.8398
 886.000       1.1133
 887.000       0.8677
 888.000       0.6618
 889.000       0.7418
 890.000       0.9347
 891.000       0.7544
 892.000       0.7515
 893.000       0.8157
 894.000       0.8140
 895.000       0.8728
 896.000       1.2958
 897.000       0.8353
 898.000       0.9018
 899.000       0.7746
 900.000       0.7014
 901.000       0.9498
 902.000       0.8117
 903.000       1.0796
 904.000       0.7492
 905.000       0.9008
 906.000       1.4809
 907.000       0.8516
 908.000       0.8877
 909.000       1.6843
 910.000       1.8771
 911.000       1.0113
 912.000       1.7809
 913.000       1.5751
 914.000       3.1565
 915.000       4.1401
 916.000       4.3696
