#Res        AtomicFlx
 338.000       1.0939
 339.000       1.1595
 340.000       1.0875
 341.000       0.9883
 342.000       1.1458
 343.000       1.6713
 344.000       1.3535
 345.000       0.8988
 346.000       1.7404
 347.000       1.8682
 348.000       0.9386
 349.000       0.9099
 350.000       1.3467
 351.000       1.0022
 352.000       0.9763
 353.000       1.5604
 354.000       0.9186
 355.000       0.8309
 356.000       0.8320
 357.000       1.0408
 358.000       1.1132
 359.000       0.9970
 360.000       0.8966
 361.000       0.8169
 362.000       1.2692
 363.000       1.0699
 364.000       0.8584
 365.000       0.8628
 366.000       1.4918
 367.000       1.4167
 368.000       0.9250
 369.000       1.0093
 370.000       1.4836
 371.000       1.6618
 372.000       1.7104
 373.000       1.6203
 374.000       1.5105
 375.000       1.7296
 376.000       1.2082
 377.000       1.3721
 378.000       1.0387
 379.000       1.1002
 380.000       1.3206
 381.000       0.9197
 382.000       0.7567
 383.000       0.8404
 384.000       1.2267
 385.000       0.7348
 386.000       0.8211
 387.000       0.7657
 388.000       0.9293
 389.000       0.6886
 390.000       0.7204
 391.000       0.7604
 392.000       0.7118
 393.000       0.8681
 394.000       0.7531
 395.000       0.7898
 396.000       0.7331
 397.000       0.7568
 398.000       0.9721
 399.000       1.1561
 400.000       0.8718
 401.000       0.7415
 402.000       0.8463
 403.000       0.9752
 404.000       0.8098
 405.000       0.8243
 406.000       0.8965
 407.000       0.8951
 408.000       0.9338
 409.000       1.3752
 410.000       0.8916
 411.000       0.9979
 412.000       0.8750
 413.000       0.7878
 414.000       0.9625
 415.000       0.8248
 416.000       1.1207
 417.000       0.8780
 418.000       0.9176
 419.000       1.4727
 420.000       0.8429
 421.000       0.8478
 422.000       1.3714
 423.000       1.7047
 424.000       1.0049
 425.000       1.5519
 426.000       1.2380
 427.000       1.7017
 428.000       3.4544
 429.000       4.0521
