#Res        AtomicFlx
 693.000       1.0718
 694.000       0.9848
 695.000       1.3016
 696.000       1.1166
 697.000       0.9449
 698.000       1.5867
 699.000       1.4135
 700.000       1.0504
 701.000       1.1150
 702.000       1.5834
 703.000       1.7859
 704.000       1.2895
 705.000       1.3968
 706.000       1.5452
 707.000       1.8587
 708.000       1.1969
 709.000       1.0126
 710.000       0.9088
 711.000       0.8977
 712.000       1.0887
 713.000       1.2959
 714.000       0.7121
 715.000       1.0320
 716.000       0.9106
 717.000       0.7159
 718.000       0.8748
 719.000       0.8594
 720.000       0.7714
 721.000       1.0393
 722.000       0.7994
 723.000       0.9116
 724.000       0.8948
 725.000       0.7468
 726.000       0.9776
 727.000       1.3684
 728.000       1.3511
 729.000       0.7854
 730.000       0.7927
 731.000       0.8727
 732.000       1.1965
 733.000       0.8893
 734.000       0.9898
 735.000       1.1448
 736.000       1.0152
 737.000       1.0560
 738.000       1.4345
 739.000       1.2508
 740.000       1.5016
 741.000       1.6206
 742.000       1.7191
 743.000       1.1964
 744.000       0.9705
 745.000       0.8878
 746.000       0.8356
 747.000       0.9525
 748.000       1.7787
 749.000       0.9120
 750.000       0.8388
 751.000       1.3327
 752.000       0.9815
 753.000       0.8971
 754.000       1.0228
 755.000       1.6026
 756.000       1.0471
 757.000       1.0940
 758.000       1.3271
 759.000       1.6749
 760.000       1.6509
 761.000       2.2822
 762.000       1.5638
 763.000       1.2541
 764.000       1.7788
 765.000       1.7365
 766.000       1.1273
 767.000       1.1486
 768.000       1.3156
 769.000       1.3884
 770.000       1.0668
 771.000       1.2041
 772.000       1.5646
 773.000       1.1065
 774.000       1.2105
 775.000       1.3653
 776.000       1.6129
 777.000       1.3715
 778.000       1.6153
 779.000       2.7499
 780.000       3.9424
