#Res        AtomicFlx
 459.000       0.9477
 460.000       1.2552
 461.000       0.8185
 462.000       0.7484
 463.000       0.7318
 464.000       1.2547
 465.000       0.8658
 466.000       0.8499
 467.000       0.6540
 468.000       0.7019
 469.000       0.7228
 470.000       0.6960
 471.000       0.6921
 472.000       0.6740
 473.000       0.7537
 474.000       0.7440
 475.000       0.7079
 476.000       0.7367
 477.000       0.7853
 478.000       0.8551
 479.000       0.7373
 480.000       0.8062
 481.000       1.4152
 482.000       1.0612
 483.000       0.7459
 484.000       0.8699
 485.000       0.8201
 486.000       0.8003
 487.000       0.8009
 488.000       1.1324
 489.000       0.9148
 490.000       0.7843
 491.000       0.9346
 492.000       1.3188
 493.000       1.1481
 494.000       0.8316
 495.000       0.8152
 496.000       1.3395
 497.000       0.8527
 498.000       0.7980
 499.000       0.8830
 500.000       0.8725
 501.000       0.8528
 502.000       0.9282
 503.000       1.5206
 504.000       1.2072
 505.000       1.1284
 506.000       1.5154
 507.000       1.0686
 508.000       1.3591
 509.000       1.0863
 510.000       0.9489
 511.000       0.9164
 512.000       0.8443
 513.000       1.3422
 514.000       0.9944
 515.000       0.7671
 516.000       0.7789
 517.000       1.0357
 518.000       0.7122
 519.000       0.7159
 520.000       1.0718
 521.000       1.3664
 522.000       1.0585
 523.000       0.9520
 524.000       1.3931
 525.000       1.0196
 526.000       0.7673
 527.000       0.8242
 528.000       0.8753
 529.000       0.9984
 530.000       1.8805
 531.000       3.0624
