#Res        AtomicFlx
 946.000       1.1522
 947.000       1.2996
 948.000       0.8376
 949.000       0.7663
 950.000       0.7576
 951.000       1.1908
 952.000       0.7636
 953.000       0.7302
 954.000       0.6587
 955.000       0.7070
 956.000       0.6854
 957.000       0.6962
 958.000       0.7100
 959.000       0.7076
 960.000       0.8019
 961.000       0.8648
 962.000       0.7819
 963.000       0.8419
 964.000       0.8876
 965.000       0.9620
 966.000       0.7979
 967.000       0.8680
 968.000       1.2564
 969.000       1.1271
 970.000       0.7687
 971.000       0.9973
 972.000       0.8168
 973.000       0.8709
 974.000       0.7452
 975.000       1.0917
 976.000       0.8702
 977.000       0.7296
 978.000       0.8528
 979.000       1.2398
 980.000       1.0457
 981.000       0.7413
 982.000       0.7003
 983.000       1.4069
 984.000       0.8221
 985.000       0.6530
 986.000       0.7560
 987.000       0.7376
 988.000       0.7120
 989.000       0.7537
 990.000       1.4892
 991.000       1.1383
 992.000       0.9192
 993.000       1.3524
 994.000       0.8449
 995.000       1.2520
 996.000       0.8157
 997.000       0.7679
 998.000       0.7308
 999.000       0.6671
1000.000       1.2401
1001.000       0.8337
1002.000       0.6184
1003.000       0.6379
1004.000       0.7288
1005.000       0.6196
1006.000       0.6218
1007.000       0.9589
1008.000       0.9638
1009.000       1.1199
1010.000       0.9331
1011.000       1.2309
1012.000       0.9067
1013.000       0.6843
1014.000       0.6774
1015.000       0.8252
1016.000       1.0735
1017.000       1.9634
1018.000       3.6319
