#Frame   AVERAGE_00016 AVERAGE_00016[SD]
       1        0.9955            0.0842
       2        0.9271            0.1199
       3        1.1875            0.1719
       4        0.9737            0.0882
       5        0.8698            0.0812
       6        1.4908            0.0868
       7        1.2216            0.1168
       8        0.9038            0.0848
       9        0.9678            0.0823
      10        1.3900            0.0926
      11        1.6092            0.0848
      12        1.0988            0.0881
      13        1.4580            0.2558
      14        1.3598            0.0940
      15        1.8118            0.1057
      16        1.0879            0.0781
      17        0.9258            0.0818
      18        0.8675            0.0765
      19        0.8977            0.0777
      20        1.0673            0.0843
      21        1.3420            0.1062
      22        0.7668            0.0769
      23        1.0048            0.1336
      24        0.9030            0.0849
      25        0.7912            0.0848
      26        0.8356            0.0564
      27        0.8567            0.0486
      28        0.8054            0.0919
      29        1.0341            0.0683
      30        0.8051            0.0527
      31        0.9384            0.0608
      32        1.0165            0.1462
      33        0.7956            0.0627
      34        0.9912            0.0516
      35        1.3587            0.0739
      36        1.2482            0.1884
      37        0.7835            0.0477
      38        0.8095            0.0530
      39        0.8663            0.0630
      40        1.1136            0.0838
      41        0.8613            0.0486
      42        1.0139            0.0627
      43        1.4806            0.2440
      44        1.0019            0.1149
      45        1.0583            0.1268
      46        1.4180            0.1801
      47        1.1041            0.1675
      48        1.4753            0.1984
      49        1.7030            0.2197
      50        1.7694            0.1259
      51        1.2842            0.1969
      52        1.0074            0.1270
      53        0.9091            0.0456
      54        0.8429            0.0577
      55        0.9278            0.0450
      56        1.7371            0.1225
      57        0.8978            0.0513
      58        0.7875            0.0509
      59        1.1714            0.0842
      60        0.8426            0.0850
      61        0.7863            0.0779
      62        0.8604            0.0942
      63        1.4498            0.0839
      64        0.8913            0.1124
      65        1.0278            0.0874
      66        1.0703            0.1369
      67        1.2707            0.2275
      68        1.3061            0.1816
      69        1.9543            0.1540
      70        1.2466            0.1486
      71        1.0040            0.1272
      72        1.5520            0.1180
      73        1.5602            0.1007
      74        0.9238            0.1032
      75        0.9759            0.0989
      76        1.1312            0.1029
      77        1.2321            0.0884
      78        0.9225            0.0754
      79        1.0580            0.0839
      80        1.4071            0.0873
      81        0.9642            0.0805
      82        1.0933            0.0655
      83        1.2001            0.0863
      84        1.4410            0.1061
      85        1.2534            0.0843
      86        1.5829            0.2486
      87        2.5478            0.5743
      88        3.6681            0.5962
