#Res        AtomicFlx
 338.000       0.8816
 339.000       0.9558
 340.000       0.8647
 341.000       0.7779
 342.000       0.9244
 343.000       1.4050
 344.000       1.2617
 345.000       0.7233
 346.000       1.6539
 347.000       1.7514
 348.000       0.8089
 349.000       0.7632
 350.000       1.2122
 351.000       0.8803
 352.000       0.8789
 353.000       1.5128
 354.000       0.8820
 355.000       0.7616
 356.000       0.7782
 357.000       1.0085
 358.000       1.1256
 359.000       0.9923
 360.000       0.8818
 361.000       0.8001
 362.000       1.2898
 363.000       1.2806
 364.000       0.9035
 365.000       0.8968
 366.000       1.3640
 367.000       1.3894
 368.000       1.0015
 369.000       1.0538
 370.000       1.5181
 371.000       1.6350
 372.000       1.3063
 373.000       1.4480
 374.000       1.5713
 375.000       1.9950
 376.000       1.3124
 377.000       1.4249
 378.000       1.1679
 379.000       1.1671
 380.000       1.4844
 381.000       1.0070
 382.000       0.8201
 383.000       0.8717
 384.000       1.2150
 385.000       0.7220
 386.000       0.8262
 387.000       0.7099
 388.000       0.8851
 389.000       0.6607
 390.000       0.6808
 391.000       0.8527
 392.000       0.6734
 393.000       0.7851
 394.000       0.7094
 395.000       0.7249
 396.000       0.6901
 397.000       0.7486
 398.000       0.8993
 399.000       1.0557
 400.000       0.7453
 401.000       0.6694
 402.000       0.7310
 403.000       0.8961
 404.000       0.7415
 405.000       0.7301
 406.000       0.7882
 407.000       0.8040
 408.000       0.8509
 409.000       1.2840
 410.000       0.7905
 411.000       0.8710
 412.000       0.7387
 413.000       0.6863
 414.000       0.8893
 415.000       0.7749
 416.000       1.0016
 417.000       0.7770
 418.000       0.8460
 419.000       1.4858
 420.000       0.8262
 421.000       0.7583
 422.000       1.2875
 423.000       1.7097
 424.000       0.9196
 425.000       1.2142
 426.000       1.0362
 427.000       1.4479
 428.000       2.7859
 429.000       2.7632
