#Res        AtomicFlx
 547.000       1.1722
 548.000       1.1154
 549.000       0.9379
 550.000       1.0440
 551.000       1.6005
 552.000       0.8990
 553.000       0.9156
 554.000       0.7966
 555.000       1.0252
 556.000       0.7316
 557.000       0.7130
 558.000       0.7330
 559.000       0.7937
 560.000       0.8149
 561.000       0.7361
 562.000       0.9429
 563.000       1.1148
 564.000       0.8856
 565.000       0.9476
 566.000       1.6425
 567.000       1.5702
 568.000       0.9866
 569.000       1.3351
 570.000       0.9437
 571.000       0.9608
 572.000       1.5202
 573.000       1.3374
 574.000       0.9691
 575.000       0.9381
 576.000       0.9974
 577.000       0.8482
 578.000       0.7542
 579.000       0.7388
 580.000       0.7490
 581.000       0.8203
 582.000       0.7037
 583.000       0.6535
 584.000       0.6816
 585.000       0.6975
 586.000       0.6724
 587.000       0.8473
 588.000       1.0122
 589.000       0.7240
 590.000       0.6425
 591.000       0.6964
 592.000       1.0940
 593.000       0.7920
 594.000       0.7018
 595.000       1.2089
 596.000       0.9077
 597.000       0.6955
 598.000       0.7807
 599.000       1.1558
 600.000       0.8671
 601.000       0.8497
 602.000       1.8074
 603.000       1.5866
 604.000       1.4426
 605.000       1.5862
 606.000       1.2877
 607.000       1.0121
 608.000       0.8824
 609.000       0.6559
 610.000       0.6830
 611.000       0.6525
 612.000       0.8209
 613.000       0.7393
 614.000       0.7662
 615.000       1.1872
 616.000       1.2267
 617.000       1.0660
 618.000       1.4012
 619.000       2.3193
 620.000       1.9417
 621.000       2.1787
 622.000       2.3867
 623.000       2.6237
 624.000       1.8774
 625.000       1.9364
 626.000       2.4659
 627.000       1.9649
 628.000       1.9896
 629.000       1.7458
