#Res        AtomicFlx
 547.000       0.9659
 548.000       1.0463
 549.000       0.9446
 550.000       1.0720
 551.000       1.5085
 552.000       0.9312
 553.000       0.9838
 554.000       0.8746
 555.000       1.0816
 556.000       1.0178
 557.000       0.7915
 558.000       0.7633
 559.000       0.8234
 560.000       0.9623
 561.000       0.7778
 562.000       0.9449
 563.000       0.9558
 564.000       0.8880
 565.000       0.9775
 566.000       1.5682
 567.000       1.6158
 568.000       1.0711
 569.000       1.6292
 570.000       1.0344
 571.000       1.0245
 572.000       1.5654
 573.000       1.3880
 574.000       0.9111
 575.000       0.8709
 576.000       0.9133
 577.000       0.8413
 578.000       0.7848
 579.000       0.7559
 580.000       0.7877
 581.000       0.8728
 582.000       0.7779
 583.000       0.7268
 584.000       0.7781
 585.000       0.8139
 586.000       0.7736
 587.000       0.9544
 588.000       0.9524
 589.000       0.8384
 590.000       0.7836
 591.000       0.8646
 592.000       1.2051
 593.000       0.9096
 594.000       0.8509
 595.000       1.2985
 596.000       1.0351
 597.000       0.8708
 598.000       0.9604
 599.000       1.3659
 600.000       1.0442
 601.000       1.0291
 602.000       1.6017
 603.000       1.7207
 604.000       1.5162
 605.000       1.7004
 606.000       1.4043
 607.000       1.2322
 608.000       1.2930
 609.000       0.8220
 610.000       0.8269
 611.000       0.7861
 612.000       0.8185
 613.000       0.8512
 614.000       0.8257
 615.000       1.0545
 616.000       1.1556
 617.000       0.9981
 618.000       1.2018
 619.000       2.3324
 620.000       1.9695
 621.000       1.7124
 622.000       2.0083
 623.000       1.5712
 624.000       1.1727
 625.000       1.4248
 626.000       1.7301
 627.000       1.2320
 628.000       1.5454
 629.000       2.0549
