#Res        AtomicFlx
 338.000       0.8282
 339.000       0.8869
 340.000       0.8127
 341.000       0.7358
 342.000       0.8385
 343.000       1.5996
 344.000       1.3411
 345.000       0.7054
 346.000       1.5032
 347.000       1.7028
 348.000       0.7983
 349.000       0.7709
 350.000       1.2493
 351.000       0.8837
 352.000       0.8587
 353.000       1.3693
 354.000       0.7998
 355.000       0.6873
 356.000       0.7053
 357.000       1.1659
 358.000       0.9951
 359.000       0.8978
 360.000       0.7414
 361.000       0.6733
 362.000       1.1016
 363.000       0.8286
 364.000       0.7631
 365.000       0.7295
 366.000       1.3345
 367.000       1.2947
 368.000       0.8593
 369.000       0.8939
 370.000       1.3754
 371.000       1.6293
 372.000       1.6369
 373.000       1.6469
 374.000       1.6049
 375.000       2.3133
 376.000       1.3098
 377.000       1.3626
 378.000       0.8814
 379.000       0.9911
 380.000       0.9535
 381.000       0.7966
 382.000       0.6131
 383.000       0.6673
 384.000       1.1246
 385.000       0.6235
 386.000       0.7102
 387.000       0.6151
 388.000       0.8390
 389.000       0.6384
 390.000       0.6215
 391.000       0.6351
 392.000       0.6715
 393.000       0.8435
 394.000       0.6888
 395.000       0.7680
 396.000       0.7041
 397.000       0.7252
 398.000       0.8959
 399.000       1.0704
 400.000       0.6913
 401.000       0.6631
 402.000       0.7338
 403.000       0.9007
 404.000       0.7254
 405.000       0.7314
 406.000       0.8054
 407.000       0.8233
 408.000       0.8679
 409.000       1.3269
 410.000       0.7883
 411.000       0.8271
 412.000       0.7171
 413.000       0.6630
 414.000       0.9006
 415.000       0.7397
 416.000       1.0920
 417.000       0.8113
 418.000       0.8726
 419.000       1.3279
 420.000       0.7467
 421.000       0.7164
 422.000       1.2625
 423.000       1.3603
 424.000       0.7922
 425.000       0.8930
 426.000       1.1959
 427.000       2.8548
 428.000       4.8128
 429.000       5.7349
