#Res        AtomicFlx
1034.000       1.3256
1035.000       1.4208
1036.000       1.1424
1037.000       1.2625
1038.000       1.6330
1039.000       1.1110
1040.000       1.1701
1041.000       1.0201
1042.000       1.3072
1043.000       1.1720
1044.000       0.9401
1045.000       0.9179
1046.000       0.9585
1047.000       1.4850
1048.000       0.8380
1049.000       0.9504
1050.000       1.3705
1051.000       1.1100
1052.000       0.9461
1053.000       1.2883
1054.000       1.5445
1055.000       0.9393
1056.000       1.1593
1057.000       0.9598
1058.000       1.1369
1059.000       1.4505
1060.000       1.0617
1061.000       1.0389
1062.000       1.2563
1063.000       1.2832
1064.000       0.9597
1065.000       0.7950
1066.000       0.7902
1067.000       0.8561
1068.000       0.8539
1069.000       0.7900
1070.000       0.7848
1071.000       0.8280
1072.000       0.7974
1073.000       0.7994
1074.000       1.0554
1075.000       0.9840
1076.000       0.8720
1077.000       0.8367
1078.000       0.9044
1079.000       1.2193
1080.000       0.9581
1081.000       0.9007
1082.000       1.3968
1083.000       1.1063
1084.000       0.9212
1085.000       1.0298
1086.000       1.4617
1087.000       1.1762
1088.000       1.1406
1089.000       2.0037
1090.000       1.9388
1091.000       1.7237
1092.000       1.8540
1093.000       1.5705
1094.000       1.2460
1095.000       1.3090
1096.000       0.8762
1097.000       0.9183
1098.000       0.8669
1099.000       1.2987
1100.000       0.9713
1101.000       0.8991
1102.000       1.3052
1103.000       1.3590
1104.000       1.1438
1105.000       1.2919
1106.000       2.0267
1107.000       1.9687
1108.000       2.1434
1109.000       2.3486
1110.000       2.4192
1111.000       1.6809
1112.000       1.5732
1113.000       2.1501
1114.000       1.6414
1115.000       1.4915
1116.000       1.6493
