#Res        AtomicFlx
1180.000       0.8852
1181.000       0.8504
1182.000       1.0268
1183.000       0.9335
1184.000       0.8218
1185.000       1.5427
1186.000       1.1591
1187.000       0.8819
1188.000       0.9461
1189.000       1.3739
1190.000       1.5759
1191.000       1.0810
1192.000       1.1889
1193.000       1.3530
1194.000       1.7229
1195.000       1.1077
1196.000       0.9289
1197.000       0.8659
1198.000       0.8926
1199.000       1.0671
1200.000       1.3525
1201.000       0.7845
1202.000       0.9388
1203.000       0.8940
1204.000       0.8072
1205.000       0.8152
1206.000       0.8877
1207.000       0.7898
1208.000       1.0424
1209.000       0.8296
1210.000       0.9469
1211.000       0.9606
1212.000       0.8332
1213.000       1.0003
1214.000       1.2935
1215.000       1.1451
1216.000       0.7847
1217.000       0.8370
1218.000       0.8988
1219.000       1.0402
1220.000       0.8894
1221.000       1.0946
1222.000       1.8926
1223.000       1.1849
1224.000       1.2680
1225.000       1.7009
1226.000       1.3075
1227.000       1.8431
1228.000       1.9995
1229.000       2.0025
1230.000       1.3381
1231.000       1.0184
1232.000       0.9010
1233.000       0.8542
1234.000       0.9197
1235.000       1.7347
1236.000       0.8435
1237.000       0.7717
1238.000       1.0918
1239.000       0.8139
1240.000       0.7928
1241.000       0.8704
1242.000       1.3313
1243.000       0.8899
1244.000       1.0929
1245.000       1.1167
1246.000       1.3640
1247.000       1.3653
1248.000       2.0176
1249.000       1.2896
1250.000       1.0239
1251.000       1.5894
1252.000       1.6060
1253.000       0.9424
1254.000       0.9693
1255.000       1.1452
1256.000       1.2651
1257.000       0.9310
1258.000       1.0495
1259.000       1.4169
1260.000       0.9889
1261.000       1.1044
1262.000       1.2066
1263.000       1.4418
1264.000       1.1964
1265.000       1.4646
1266.000       2.0267
1267.000       3.2806
