#Res        AtomicFlx
1180.000       1.0082
1181.000       0.9588
1182.000       1.1856
1183.000       0.9843
1184.000       0.8896
1185.000       1.5898
1186.000       1.1878
1187.000       0.8859
1188.000       0.9281
1189.000       1.3889
1190.000       1.6178
1191.000       1.0629
1192.000       1.6078
1193.000       1.2897
1194.000       1.9423
1195.000       1.1210
1196.000       0.9586
1197.000       0.9492
1198.000       1.0028
1199.000       1.1618
1200.000       1.4946
1201.000       0.8729
1202.000       1.1149
1203.000       0.9694
1204.000       0.8751
1205.000       0.8660
1206.000       0.9109
1207.000       0.8702
1208.000       1.0664
1209.000       0.8658
1210.000       1.0104
1211.000       1.0237
1212.000       0.8586
1213.000       1.0182
1214.000       1.4820
1215.000       1.1470
1216.000       0.7740
1217.000       0.8364
1218.000       0.9195
1219.000       1.0293
1220.000       0.8759
1221.000       1.1122
1222.000       1.7001
1223.000       1.1575
1224.000       1.2383
1225.000       1.6947
1226.000       1.3479
1227.000       1.5671
1228.000       2.0497
1229.000       1.7460
1230.000       1.3411
1231.000       1.1103
1232.000       0.9426
1233.000       0.8689
1234.000       0.9063
1235.000       1.8490
1236.000       0.9201
1237.000       0.7302
1238.000       1.0886
1239.000       0.7122
1240.000       0.6527
1241.000       0.6805
1242.000       1.4776
1243.000       0.6692
1244.000       0.8394
1245.000       0.8217
1246.000       0.8595
1247.000       0.9639
1248.000       1.7052
1249.000       0.9988
1250.000       0.7677
1251.000       1.3282
1252.000       1.3725
1253.000       0.7326
1254.000       0.7804
1255.000       0.9233
1256.000       1.0585
1257.000       0.7818
1258.000       0.8937
1259.000       1.2382
1260.000       0.8191
1261.000       0.9888
1262.000       1.0520
1263.000       1.2778
1264.000       1.2019
1265.000       1.7902
1266.000       3.0131
1267.000       4.3213
