#Res        AtomicFlx
1034.000       1.1916
1035.000       1.3042
1036.000       0.9558
1037.000       1.0366
1038.000       1.5597
1039.000       0.8392
1040.000       0.8917
1041.000       0.8167
1042.000       1.1398
1043.000       1.0027
1044.000       0.8450
1045.000       0.8301
1046.000       0.8999
1047.000       1.1298
1048.000       0.8188
1049.000       0.9306
1050.000       1.4057
1051.000       1.0135
1052.000       0.9685
1053.000       1.1864
1054.000       1.5822
1055.000       1.0380
1056.000       1.3346
1057.000       1.1102
1058.000       1.2684
1059.000       1.5190
1060.000       1.5145
1061.000       0.9732
1062.000       0.9314
1063.000       0.9934
1064.000       0.8776
1065.000       0.7894
1066.000       0.7972
1067.000       0.7810
1068.000       0.7724
1069.000       0.7341
1070.000       0.7031
1071.000       0.6962
1072.000       0.7221
1073.000       0.7500
1074.000       0.9004
1075.000       0.8354
1076.000       0.7995
1077.000       0.7570
1078.000       0.7867
1079.000       1.1691
1080.000       0.8830
1081.000       0.8508
1082.000       1.2810
1083.000       1.0624
1084.000       0.8928
1085.000       0.9856
1086.000       1.3320
1087.000       1.0839
1088.000       1.0575
1089.000       1.9904
1090.000       1.7366
1091.000       1.5347
1092.000       1.6767
1093.000       1.2686
1094.000       1.2793
1095.000       1.1441
1096.000       0.8600
1097.000       0.8596
1098.000       0.8257
1099.000       0.8271
1100.000       0.8518
1101.000       0.8559
1102.000       1.1225
1103.000       1.0943
1104.000       0.9320
1105.000       1.1734
1106.000       1.8209
1107.000       1.5815
1108.000       1.7127
1109.000       1.9494
1110.000       1.7033
1111.000       1.3029
1112.000       1.4673
1113.000       1.2585
1114.000       1.0975
1115.000       1.1397
1116.000       1.0758
