#Res        AtomicFlx
 825.000       1.0272
 826.000       1.0427
 827.000       0.9050
 828.000       0.8173
 829.000       0.9857
 830.000       1.6228
 831.000       1.1913
 832.000       0.7532
 833.000       1.4197
 834.000       1.6657
 835.000       0.8116
 836.000       0.7690
 837.000       1.2171
 838.000       0.8350
 839.000       0.8279
 840.000       1.5948
 841.000       0.8305
 842.000       0.6940
 843.000       0.7234
 844.000       1.4277
 845.000       1.2595
 846.000       0.9636
 847.000       0.7761
 848.000       0.6748
 849.000       1.2105
 850.000       0.8545
 851.000       0.7295
 852.000       0.7980
 853.000       1.2906
 854.000       1.1607
 855.000       0.8309
 856.000       0.8745
 857.000       1.4719
 858.000       1.5657
 859.000       1.5931
 860.000       1.3546
 861.000       1.4751
 862.000       2.1954
 863.000       1.2405
 864.000       1.2485
 865.000       1.1695
 866.000       1.0642
 867.000       0.9211
 868.000       0.8060
 869.000       0.6639
 870.000       0.6938
 871.000       1.1241
 872.000       0.6257
 873.000       0.7664
 874.000       0.6519
 875.000       0.8422
 876.000       0.5636
 877.000       0.6134
 878.000       0.6454
 879.000       0.5967
 880.000       0.7194
 881.000       0.6664
 882.000       0.6619
 883.000       0.6417
 884.000       0.7032
 885.000       0.9035
 886.000       1.0842
 887.000       0.7651
 888.000       0.7054
 889.000       0.7766
 890.000       0.9160
 891.000       0.7516
 892.000       0.7710
 893.000       0.9197
 894.000       0.7907
 895.000       0.8731
 896.000       1.2796
 897.000       0.8822
 898.000       0.9464
 899.000       0.8527
 900.000       0.7678
 901.000       0.9888
 902.000       0.8263
 903.000       1.0797
 904.000       0.8916
 905.000       0.8001
 906.000       1.4521
 907.000       0.8147
 908.000       0.7701
 909.000       1.2988
 910.000       1.5292
 911.000       0.7387
 912.000       1.6895
 913.000       1.0000
 914.000       1.6627
 915.000       0.7588
 916.000       1.3207
