#Res        AtomicFlx
 997.000       5.9367
 998.000       5.1566
 999.000       4.9009
1000.000       4.1427
1001.000       3.2837
1002.000       2.0265
1003.000       1.7633
1004.000       1.7165
1005.000       2.3182
1006.000       1.4920
1007.000       1.8053
1008.000       2.4781
1009.000       1.5426
1010.000       1.5392
1011.000       1.9752
1012.000       2.3190
1013.000       2.3054
1014.000       1.7348
1015.000       1.9929
1016.000       1.8946
1017.000       2.1386
1018.000       2.0834
1019.000       1.7832
1020.000       1.7550
1021.000       2.0510
1022.000       1.6713
1023.000       1.5443
1024.000       1.5146
1025.000       1.5890
1026.000       1.4805
1027.000       1.4028
1028.000       1.4718
1029.000       1.5070
1030.000       1.4559
1031.000       1.5277
1032.000       2.0335
1033.000       1.6941
1034.000       1.6506
1035.000       1.8868
1036.000       1.7362
1037.000       1.9019
1038.000       1.6331
1039.000       1.8382
1040.000       2.2121
1041.000       1.8820
1042.000       1.7773
1043.000       1.9729
1044.000       2.2586
1045.000       2.0120
1046.000       2.1377
1047.000       2.8007
1048.000       2.6785
1049.000       2.4671
1050.000       2.9116
1051.000       2.4457
1052.000       2.4745
1053.000       2.5281
1054.000       1.9263
1055.000       1.8345
1056.000       1.7431
1057.000       2.0959
1058.000       1.8191
1059.000       1.6157
1060.000       1.6658
1061.000       1.7870
1062.000       1.6125
1063.000       1.5980
1064.000       2.0445
1065.000       2.3201
1066.000       1.9013
1067.000       1.7250
1068.000       1.6949
1069.000       1.5304
1070.000       1.6503
1071.000       1.5182
1072.000       1.5388
1073.000       1.4271
1074.000       1.4206
1075.000       1.9649
1076.000       1.4896
1077.000       2.8706
1078.000       3.0816
1079.000       1.8076
