#Res        AtomicFlx
 400.000       8.1386
 401.000       8.4980
 402.000       9.4939
 403.000       9.8365
 404.000       8.1654
 405.000       7.3825
 406.000       6.5562
 407.000       6.0167
 408.000       6.5478
 409.000       5.7380
 410.000       4.6980
 411.000       4.6345
 412.000       5.4444
 413.000       4.3924
 414.000       4.5021
 415.000       3.6474
 416.000       3.3532
 417.000       2.5681
 418.000       2.3863
 419.000       2.1071
 420.000       2.1140
 421.000       2.3788
 422.000       2.5839
 423.000       2.8870
 424.000       2.6934
 425.000       2.1035
 426.000       2.9892
 427.000       2.5157
 428.000       2.3004
 429.000       2.2285
 430.000       2.6190
 431.000       2.9633
 432.000       2.3720
 433.000       2.5048
 434.000       3.0644
 435.000       3.0884
 436.000       2.6288
 437.000       2.9525
 438.000       3.6439
 439.000       3.4918
 440.000       2.7248
 441.000       2.7052
 442.000       2.3716
 443.000       2.2957
 444.000       2.6990
 445.000       2.2316
 446.000       2.0104
 447.000       2.2274
 448.000       2.2608
 449.000       1.8711
 450.000       1.8250
 451.000       1.9231
 452.000       1.8096
 453.000       1.5786
 454.000       1.6006
 455.000       1.7877
 456.000       1.6110
 457.000       1.7061
 458.000       1.6412
 459.000       1.7038
 460.000       1.7710
 461.000       1.7697
 462.000       1.7496
 463.000       1.8458
 464.000       1.9216
 465.000       1.8862
 466.000       2.0090
 467.000       2.0815
 468.000       2.0962
 469.000       2.1184
 470.000       2.3329
 471.000       2.8205
 472.000       3.1802
 473.000       3.4886
 474.000       2.4354
 475.000       2.4550
 476.000       2.5513
 477.000       2.0692
 478.000       2.0571
 479.000       2.0732
 480.000       2.2575
 481.000       2.0114
 482.000       1.9067
 483.000       2.3545
 484.000       2.0334
 485.000       1.9381
 486.000       2.4627
 487.000       2.3901
 488.000       2.2778
 489.000       2.4913
 490.000       3.7149
 491.000       5.1989
