#Res        AtomicFlx
 704.000       3.4967
 705.000       3.7192
 706.000       3.4189
 707.000       3.2148
 708.000       2.9415
 709.000       3.4613
 710.000       3.4996
 711.000       2.9557
 712.000       2.9660
 713.000       3.5469
 714.000       3.2760
 715.000       3.0507
 716.000       3.2713
 717.000       3.1688
 718.000       3.4106
 719.000       3.0514
 720.000       2.8984
 721.000       2.7875
 722.000       2.9614
 723.000       2.9018
 724.000       2.5980
 725.000       2.8534
 726.000       2.5062
 727.000       2.3750
 728.000       2.4750
 729.000       2.7560
 730.000       2.2933
 731.000       2.2967
 732.000       2.3970
 733.000       2.4393
 734.000       2.4268
 735.000       2.2235
 736.000       2.3993
 737.000       2.3580
 738.000       2.3656
 739.000       2.3272
 740.000       2.3949
 741.000       2.5796
 742.000       2.2513
 743.000       2.4550
 744.000       2.5570
 745.000       2.3620
 746.000       2.4670
 747.000       2.7762
 748.000       2.8996
 749.000       2.6581
 750.000       2.9006
 751.000       3.1678
 752.000       3.1367
 753.000       3.4754
 754.000       3.1459
 755.000       2.8690
 756.000       3.0315
 757.000       3.0638
 758.000       2.7786
 759.000       2.6282
 760.000       2.4956
 761.000       2.7540
 762.000       2.4326
 763.000       2.2840
 764.000       2.2930
 765.000       2.5642
 766.000       2.2998
 767.000       2.3387
 768.000       2.4745
 769.000       2.4416
 770.000       2.5123
 771.000       2.7186
 772.000       4.3006
 773.000       3.8978
 774.000       4.1289
 775.000       4.1583
 776.000       4.6483
