#Res        AtomicFlx
 305.000       1.9390
 306.000       2.1038
 307.000       1.7729
 308.000       1.6432
 309.000       1.7042
 310.000       2.0872
 311.000       1.7061
 312.000       1.4067
 313.000       1.4234
 314.000       1.9702
 315.000       1.4882
 316.000       1.2869
 317.000       1.4274
 318.000       1.4811
 319.000       1.8105
 320.000       1.5427
 321.000       1.5300
 322.000       1.6038
 323.000       1.8728
 324.000       2.2018
 325.000       1.5764
 326.000       2.0867
 327.000       1.8378
 328.000       1.6047
 329.000       1.4859
 330.000       2.0196
 331.000       1.6922
 332.000       1.4549
 333.000       1.4458
 334.000       2.0910
 335.000       1.7105
 336.000       1.4105
 337.000       1.4377
 338.000       1.7660
 339.000       1.6818
 340.000       1.3665
 341.000       1.4390
 342.000       1.8147
 343.000       1.4359
 344.000       1.3427
 345.000       1.6512
 346.000       1.4696
 347.000       1.2447
 348.000       1.4409
 349.000       1.8409
 350.000       1.4573
 351.000       1.3782
 352.000       1.8252
 353.000       1.8623
 354.000       1.9142
 355.000       1.5541
 356.000       1.4879
 357.000       1.4513
 358.000       1.5126
 359.000       1.3025
 360.000       1.3164
 361.000       1.1592
 362.000       1.4880
 363.000       1.2108
 364.000       1.1889
 365.000       1.1787
 366.000       1.5202
 367.000       1.4552
 368.000       1.5281
 369.000       1.9823
 370.000       1.4075
 371.000       1.4834
 372.000       1.2854
 373.000       1.6867
 374.000       2.5948
 375.000       2.4670
 376.000       3.1225
 377.000       3.1474
