#Res        AtomicFlx
 400.000       5.7198
 401.000       5.6552
 402.000       6.3200
 403.000       6.1526
 404.000       3.9244
 405.000       2.8351
 406.000       2.2181
 407.000       2.6456
 408.000       2.6227
 409.000       1.8334
 410.000       2.5427
 411.000       2.0788
 412.000       1.9207
 413.000       1.7539
 414.000       2.1522
 415.000       1.7935
 416.000       1.8121
 417.000       1.9001
 418.000       1.6947
 419.000       1.6273
 420.000       1.6346
 421.000       1.7640
 422.000       2.0759
 423.000       2.2770
 424.000       2.0674
 425.000       1.7007
 426.000       2.4156
 427.000       2.0214
 428.000       1.9610
 429.000       1.7178
 430.000       2.2659
 431.000       2.4057
 432.000       1.8680
 433.000       1.9597
 434.000       2.5105
 435.000       2.6208
 436.000       2.3012
 437.000       2.3596
 438.000       3.3849
 439.000       3.7775
 440.000       2.2838
 441.000       2.5970
 442.000       1.8096
 443.000       1.5826
 444.000       2.0169
 445.000       1.5012
 446.000       1.3669
 447.000       1.5839
 448.000       1.7113
 449.000       1.3733
 450.000       1.3746
 451.000       1.4830
 452.000       1.2376
 453.000       1.1106
 454.000       1.1783
 455.000       1.3127
 456.000       1.1453
 457.000       1.2436
 458.000       1.1877
 459.000       1.1328
 460.000       1.8483
 461.000       1.2611
 462.000       1.2139
 463.000       1.3876
 464.000       1.3859
 465.000       1.2495
 466.000       1.3997
 467.000       1.4482
 468.000       1.4362
 469.000       1.3937
 470.000       2.0588
 471.000       2.1026
 472.000       1.9614
 473.000       2.0782
 474.000       1.5686
 475.000       1.6346
 476.000       1.6509
 477.000       1.4559
 478.000       1.4649
 479.000       1.5901
 480.000       1.8181
 481.000       1.3951
 482.000       1.3446
 483.000       1.9097
 484.000       1.5339
 485.000       1.3985
 486.000       1.8135
 487.000       2.3466
 488.000       1.9474
 489.000       2.2015
 490.000       3.4861
 491.000       4.7909
