#Res        AtomicFlx
 305.000       1.5104
 306.000       1.8299
 307.000       1.4794
 308.000       1.3976
 309.000       1.3336
 310.000       1.8949
 311.000       1.5040
 312.000       1.2594
 313.000       1.3241
 314.000       1.8977
 315.000       1.3652
 316.000       1.3134
 317.000       1.4129
 318.000       1.4327
 319.000       1.8319
 320.000       1.5673
 321.000       1.5287
 322.000       1.5645
 323.000       1.8045
 324.000       2.0992
 325.000       1.4223
 326.000       1.7667
 327.000       1.5519
 328.000       1.4664
 329.000       1.3198
 330.000       1.7921
 331.000       1.4322
 332.000       2.0443
 333.000       1.2048
 334.000       1.5652
 335.000       1.7325
 336.000       1.2773
 337.000       1.1329
 338.000       1.3617
 339.000       1.3630
 340.000       1.1412
 341.000       1.0881
 342.000       1.4430
 343.000       1.0587
 344.000       1.0482
 345.000       1.1068
 346.000       1.0866
 347.000       1.0347
 348.000       1.1614
 349.000       1.6075
 350.000       1.2235
 351.000       1.2338
 352.000       1.6278
 353.000       1.4349
 354.000       1.5585
 355.000       1.2383
 356.000       1.1887
 357.000       1.2689
 358.000       1.3265
 359.000       1.2051
 360.000       1.1986
 361.000       0.9706
 362.000       1.3088
 363.000       1.0338
 364.000       0.9540
 365.000       0.9619
 366.000       1.2411
 367.000       1.1475
 368.000       1.2965
 369.000       1.8931
 370.000       1.2297
 371.000       1.1618
 372.000       1.0704
 373.000       1.1561
 374.000       1.3624
 375.000       1.6486
 376.000       2.7040
 377.000       3.1432
