#Res        AtomicFlx
 598.000       5.1286
 599.000       5.0077
 600.000       6.3614
 601.000       6.2288
 602.000       4.8764
 603.000       3.6543
 604.000       2.7522
 605.000       2.7685
 606.000       3.4246
 607.000       2.4962
 608.000       2.6342
 609.000       3.2380
 610.000       2.4111
 611.000       2.2019
 612.000       2.4859
 613.000       2.8651
 614.000       2.0514
 615.000       2.2134
 616.000       2.1035
 617.000       2.0288
 618.000       2.3294
 619.000       2.0919
 620.000       2.0722
 621.000       2.1096
 622.000       2.6368
 623.000       2.1463
 624.000       2.0721
 625.000       2.2763
 626.000       2.3722
 627.000       2.2101
 628.000       2.2167
 629.000       2.4452
 630.000       2.4498
 631.000       2.3344
 632.000       2.4927
 633.000       3.1961
 634.000       2.7299
 635.000       2.5923
 636.000       3.1235
 637.000       3.0452
 638.000       3.0973
 639.000       3.0653
 640.000       3.3414
 641.000       3.5459
 642.000       3.3766
 643.000       3.4910
 644.000       3.7844
 645.000       4.0075
 646.000       3.7460
 647.000       3.9092
 648.000       4.6316
 649.000       4.5983
 650.000       5.4225
 651.000       5.6495
 652.000       5.0368
 653.000       4.9843
 654.000       4.5145
 655.000       3.7160
 656.000       3.6206
 657.000       3.3972
 658.000       3.6717
 659.000       3.5764
 660.000       3.1297
 661.000       3.0485
 662.000       3.3434
 663.000       3.0664
 664.000       2.8334
 665.000       3.1104
 666.000       3.5288
 667.000       3.3015
 668.000       2.9541
 669.000       2.9150
 670.000       2.8166
 671.000       2.6539
 672.000       2.4211
 673.000       2.3728
 674.000       2.5410
 675.000       2.5741
 676.000       2.8486
 677.000       2.4456
 678.000       2.6102
 679.000       2.3657
 680.000       2.9095
