#Res        AtomicFlx
 997.000       3.6641
 998.000       3.9039
 999.000       4.7718
1000.000       3.8081
1001.000       2.8663
1002.000       2.2804
1003.000       2.5006
1004.000       2.8577
1005.000       2.6420
1006.000       2.1394
1007.000       2.9005
1008.000       3.1932
1009.000       2.2944
1010.000       2.7002
1011.000       3.8466
1012.000       3.2498
1013.000       2.9512
1014.000       3.4789
1015.000       3.3952
1016.000       2.7608
1017.000       2.6120
1018.000       2.7549
1019.000       2.3477
1020.000       2.4380
1021.000       2.6846
1022.000       2.2921
1023.000       2.1794
1024.000       2.1048
1025.000       2.0881
1026.000       1.9528
1027.000       1.8812
1028.000       1.8401
1029.000       1.8136
1030.000       1.7297
1031.000       1.7227
1032.000       2.0189
1033.000       1.8794
1034.000       1.5990
1035.000       1.7714
1036.000       1.8077
1037.000       2.0399
1038.000       1.6820
1039.000       1.8454
1040.000       2.2845
1041.000       2.0990
1042.000       1.9959
1043.000       2.2625
1044.000       2.6416
1045.000       2.4250
1046.000       2.5549
1047.000       3.2140
1048.000       3.2015
1049.000       3.0579
1050.000       3.5540
1051.000       3.0120
1052.000       2.8899
1053.000       2.9547
1054.000       2.1543
1055.000       2.1786
1056.000       2.0043
1057.000       2.4655
1058.000       2.1717
1059.000       1.7658
1060.000       1.8828
1061.000       2.1636
1062.000       1.8181
1063.000       1.6812
1064.000       2.0343
1065.000       2.3611
1066.000       2.1946
1067.000       2.1354
1068.000       2.0894
1069.000       1.7439
1070.000       1.9336
1071.000       1.9623
1072.000       1.9609
1073.000       1.7865
1074.000       2.0254
1075.000       2.4743
1076.000       1.7931
1077.000       1.5993
1078.000       1.7627
1079.000       1.9959
