#Res        AtomicFlx
 704.000       2.2593
 705.000       2.4714
 706.000       2.2322
 707.000       2.0931
 708.000       1.9521
 709.000       2.4507
 710.000       2.1916
 711.000       1.7955
 712.000       1.8052
 713.000       2.5551
 714.000       1.9848
 715.000       1.7450
 716.000       1.8734
 717.000       1.8960
 718.000       2.1761
 719.000       2.0388
 720.000       2.0128
 721.000       2.0664
 722.000       2.3726
 723.000       2.4603
 724.000       1.8730
 725.000       2.3163
 726.000       1.9387
 727.000       1.7566
 728.000       1.7514
 729.000       2.2795
 730.000       1.7643
 731.000       1.7784
 732.000       1.7088
 733.000       1.9980
 734.000       2.0671
 735.000       1.6529
 736.000       1.7174
 737.000       1.8775
 738.000       1.9312
 739.000       1.6441
 740.000       1.6904
 741.000       2.0688
 742.000       1.6232
 743.000       1.6688
 744.000       1.8361
 745.000       1.6649
 746.000       1.7653
 747.000       1.9676
 748.000       2.1775
 749.000       1.9789
 750.000       2.1406
 751.000       2.4437
 752.000       2.1909
 753.000       2.4717
 754.000       2.1622
 755.000       1.9868
 756.000       2.1387
 757.000       2.1350
 758.000       1.8926
 759.000       1.7810
 760.000       1.6918
 761.000       1.8219
 762.000       1.5954
 763.000       1.5228
 764.000       1.5086
 765.000       1.6802
 766.000       1.5727
 767.000       1.6999
 768.000       1.7640
 769.000       1.6127
 770.000       1.7032
 771.000       1.8414
 772.000       2.5139
 773.000       2.3497
 774.000       3.2757
 775.000       3.9020
 776.000       5.3108
