#Res        AtomicFlx
 997.000       3.1085
 998.000       2.5578
 999.000       2.3034
1000.000       2.1259
1001.000       2.1856
1002.000       1.7389
1003.000       1.8907
1004.000       1.8712
1005.000       2.2633
1006.000       1.6454
1007.000       2.1289
1008.000       2.2439
1009.000       1.7100
1010.000       1.8492
1011.000       2.5251
1012.000       2.5120
1013.000       2.7954
1014.000       2.8675
1015.000       2.8330
1016.000       2.5136
1017.000       2.5424
1018.000       2.7982
1019.000       2.2388
1020.000       2.4132
1021.000       2.6092
1022.000       2.3441
1023.000       2.0852
1024.000       1.9253
1025.000       2.0947
1026.000       2.0052
1027.000       1.7218
1028.000       1.7814
1029.000       1.9678
1030.000       1.8702
1031.000       1.7600
1032.000       2.1167
1033.000       2.2985
1034.000       1.9948
1035.000       2.0589
1036.000       2.2683
1037.000       2.7461
1038.000       2.3458
1039.000       2.4134
1040.000       3.0234
1041.000       2.9627
1042.000       2.8882
1043.000       3.1819
1044.000       3.6337
1045.000       3.5077
1046.000       3.5992
1047.000       4.1287
1048.000       4.3935
1049.000       4.2078
1050.000       4.6842
1051.000       4.0695
1052.000       3.7940
1053.000       3.7953
1054.000       2.9240
1055.000       2.9581
1056.000       2.7685
1057.000       3.3353
1058.000       3.1279
1059.000       2.5339
1060.000       2.7618
1061.000       3.2488
1062.000       2.8190
1063.000       2.5458
1064.000       3.3810
1065.000       3.7162
1066.000       3.6096
1067.000       2.9094
1068.000       3.0119
1069.000       2.9651
1070.000       2.3882
1071.000       2.1635
1072.000       2.4309
1073.000       1.9856
1074.000       2.0185
1075.000       2.3665
1076.000       1.7378
1077.000       1.5873
1078.000       2.1787
1079.000       2.7350
