#Res        AtomicFlx
 503.000       3.6344
 504.000       3.5399
 505.000       4.0886
 506.000       3.7784
 507.000       3.2978
 508.000       3.5397
 509.000       3.6993
 510.000       3.8358
 511.000       3.5804
 512.000       4.1745
 513.000       4.0760
 514.000       4.5320
 515.000       3.9638
 516.000       3.9615
 517.000       3.6920
 518.000       3.8831
 519.000       3.7444
 520.000       3.8537
 521.000       3.3451
 522.000       3.4108
 523.000       3.2689
 524.000       3.1472
 525.000       3.0819
 526.000       3.0662
 527.000       3.0117
 528.000       2.7170
 529.000       2.6849
 530.000       2.6801
 531.000       2.6807
 532.000       2.4797
 533.000       2.4826
 534.000       2.6893
 535.000       2.4029
 536.000       2.2909
 537.000       2.4454
 538.000       2.5068
 539.000       2.3428
 540.000       2.3898
 541.000       2.5210
 542.000       2.5199
 543.000       2.5087
 544.000       2.3319
 545.000       2.6205
 546.000       3.5732
 547.000       2.8550
 548.000       2.8897
 549.000       2.8571
 550.000       2.7408
 551.000       2.5882
 552.000       2.7351
 553.000       2.5264
 554.000       2.4851
 555.000       2.3253
 556.000       2.2705
 557.000       2.2781
 558.000       2.2584
 559.000       2.1586
 560.000       2.1069
 561.000       2.0951
 562.000       2.2069
 563.000       2.2144
 564.000       2.2875
 565.000       2.3284
 566.000       2.7699
 567.000       3.3100
 568.000       4.0665
 569.000       3.6776
 570.000       3.6480
 571.000       3.0548
 572.000       2.5169
 573.000       2.5396
 574.000       2.6249
 575.000       2.8028
 576.000       2.3850
 577.000       2.6256
 578.000       2.9372
 579.000       2.6388
 580.000       2.6452
 581.000       2.8294
 582.000       3.0512
 583.000       2.8632
 584.000       2.9543
 585.000       3.1434
 586.000       3.1279
 587.000       3.2848
 588.000       3.8044
 589.000       3.8121
 590.000       4.7871
