#Res        AtomicFlx
 598.000       2.9589
 599.000       2.9084
 600.000       2.7504
 601.000       2.9023
 602.000       2.9747
 603.000       2.7957
 604.000       2.5740
 605.000       2.6305
 606.000       3.5673
 607.000       2.6970
 608.000       2.9234
 609.000       3.4222
 610.000       2.7993
 611.000       2.7097
 612.000       2.9373
 613.000       3.2671
 614.000       2.5866
 615.000       2.6568
 616.000       2.8057
 617.000       2.8685
 618.000       3.0711
 619.000       3.0724
 620.000       2.8544
 621.000       2.8443
 622.000       3.2199
 623.000       2.6769
 624.000       2.5411
 625.000       2.5988
 626.000       2.6183
 627.000       2.4189
 628.000       2.3983
 629.000       2.4897
 630.000       2.4299
 631.000       2.2930
 632.000       2.3842
 633.000       2.6406
 634.000       2.5442
 635.000       2.3685
 636.000       2.7909
 637.000       2.8731
 638.000       2.9706
 639.000       2.8323
 640.000       3.0884
 641.000       3.4231
 642.000       3.2356
 643.000       3.3494
 644.000       3.6415
 645.000       3.8552
 646.000       3.7755
 647.000       3.9766
 648.000       4.4037
 649.000       4.5026
 650.000       4.3640
 651.000       4.8647
 652.000       4.3444
 653.000       4.3505
 654.000       4.3632
 655.000       3.5933
 656.000       3.5329
 657.000       3.3294
 658.000       3.6740
 659.000       3.5603
 660.000       3.1058
 661.000       3.1549
 662.000       3.4078
 663.000       3.1258
 664.000       2.9503
 665.000       3.5750
 666.000       3.6389
 667.000       3.1156
 668.000       3.0311
 669.000       2.8004
 670.000       2.7129
 671.000       3.0701
 672.000       2.6635
 673.000       2.3583
 674.000       2.5904
 675.000       2.7142
 676.000       3.3179
 677.000       2.8032
 678.000       3.0410
 679.000       3.9695
 680.000       3.7978
