#Frame   AVERAGE_00016 AVERAGE_00016[SD]
       1        6.8644            1.6406
       2        6.4952            1.9267
       3        6.8883            2.6017
       4        6.8648            3.1068
       5        5.7557            2.5554
       6        5.0359            2.0476
       7        4.1148            1.9125
       8        4.2013            1.2804
       9        3.8901            1.2836
      10        3.3420            1.5521
      11        3.9373            1.5445
      12        3.0998            0.9610
      13        3.0980            1.1708
      14        2.9937            1.1560
      15        3.2769            1.0144
      16        2.7840            0.8000
      17        2.8277            0.7539
      18        2.5932            0.7581
      19        2.3990            0.6845
      20        2.2120            0.7147
      21        2.2222            0.7002
      22        2.4029            0.7769
      23        2.6214            0.7758
      24        2.8078            0.7474
      25        2.7055            0.8097
      26        2.1454            0.6785
      27        2.8197            0.7974
      28        2.4587            0.6943
      29        2.3371            0.6626
      30        2.1858            0.6470
      31        2.6129            0.6915
      32        2.8121            0.5426
      33        2.2131            0.5678
      34        2.3724            0.6030
      35        2.8807            0.5891
      36        2.8425            0.5060
      37        2.5211            0.4050
      38        2.7542            0.5191
      39        3.7069            0.5205
      40        3.2714            0.5629
      41        2.4598            0.6361
      42        2.6820            0.7899
      43        2.2705            0.7160
      44        2.2014            0.7726
      45        2.7251            0.7999
      46        2.1473            0.7470
      47        1.9742            0.7037
      48        2.1495            0.6836
      49        2.2689            0.6655
      50        1.9130            0.6130
      51        1.8730            0.6067
      52        2.0430            0.6500
      53        1.8665            0.6463
      54        1.6818            0.5847
      55        1.7307            0.5827
      56        1.9734            0.6202
      57        1.7697            0.5834
      58        1.7740            0.4755
      59        1.7349            0.5418
      60        1.7902            0.5778
      61        2.0116            0.4435
      62        1.7668            0.4640
      63        1.8011            0.5292
      64        1.9071            0.5011
      65        1.8268            0.4307
      66        1.8327            0.4931
      67        1.9911            0.5233
      68        1.9616            0.4838
      69        1.9703            0.4521
      70        2.0460            0.4993
      71        2.3658            0.4863
      72        2.3897            0.4490
      73        2.4427            0.4992
      74        2.7331            0.5608
      75        2.3990            0.4806
      76        2.3670            0.5577
      77        2.4922            0.5890
      78        2.0963            0.5349
      79        2.0613            0.5165
      80        2.0879            0.4928
      81        2.3255            0.4424
      82        1.9990            0.4654
      83        1.8669            0.4763
      84        2.2809            0.4118
      85        1.8999            0.4143
      86        1.8010            0.4167
      87        2.1647            0.4181
      88        2.2545            0.3050
      89        2.0715            0.3567
      90        2.4976            0.2608
      91        3.5947            0.5210
      92        4.2708            0.8880
