#Res        AtomicFlx
 902.000       2.4953
 903.000       2.6247
 904.000       2.9151
 905.000       2.9772
 906.000       2.3395
 907.000       3.0257
 908.000       2.9996
 909.000       3.3351
 910.000       2.5693
 911.000       3.4802
 912.000       3.3020
 913.000       3.8704
 914.000       3.3197
 915.000       3.2044
 916.000       2.9818
 917.000       3.1930
 918.000       2.9428
 919.000       3.1097
 920.000       2.4967
 921.000       2.5880
 922.000       2.3295
 923.000       2.3923
 924.000       2.1375
 925.000       2.0376
 926.000       2.0131
 927.000       1.7686
 928.000       1.7023
 929.000       1.6168
 930.000       1.6803
 931.000       1.7941
 932.000       1.5535
 933.000       1.7207
 934.000       1.8349
 935.000       1.7698
 936.000       1.7577
 937.000       1.9294
 938.000       2.1498
 939.000       2.0701
 940.000       2.1207
 941.000       2.0620
 942.000       2.4072
 943.000       2.2822
 944.000       2.6510
 945.000       3.2472
 946.000       3.0313
 947.000       2.9274
 948.000       2.9397
 949.000       2.7121
 950.000       2.2827
 951.000       2.7570
 952.000       2.5264
 953.000       2.6943
 954.000       2.3413
 955.000       2.1002
 956.000       2.3540
 957.000       2.5842
 958.000       2.1282
 959.000       2.0971
 960.000       2.3957
 961.000       2.3698
 962.000       2.1675
 963.000       2.4341
 964.000       3.1888
 965.000       4.2303
 966.000       4.4172
 967.000       3.2228
 968.000       2.9809
 969.000       3.9988
 970.000       3.2778
 971.000       2.7178
 972.000       2.8467
 973.000       3.0069
 974.000       2.9888
 975.000       2.4308
 976.000       2.9330
 977.000       3.2472
 978.000       2.7232
 979.000       2.7220
 980.000       3.2845
 981.000       3.6102
 982.000       3.1624
 983.000       3.4561
 984.000       4.4682
 985.000       5.5010
 986.000       6.2056
 987.000       5.5444
 988.000       5.3601
 989.000       6.4078
