#Res        AtomicFlx
 704.000       3.6994
 705.000       3.8054
 706.000       3.5947
 707.000       3.4503
 708.000       3.2761
 709.000       3.5635
 710.000       3.4827
 711.000       3.0764
 712.000       3.0880
 713.000       3.5160
 714.000       3.1704
 715.000       2.9386
 716.000       3.0752
 717.000       3.1815
 718.000       3.4279
 719.000       3.3151
 720.000       3.3065
 721.000       3.3239
 722.000       3.4927
 723.000       3.6752
 724.000       3.1472
 725.000       3.3690
 726.000       3.1587
 727.000       2.9480
 728.000       2.9510
 729.000       3.3775
 730.000       2.9162
 731.000       2.6809
 732.000       2.9437
 733.000       3.1884
 734.000       2.7762
 735.000       2.6341
 736.000       2.9205
 737.000       2.8900
 738.000       2.6858
 739.000       2.7633
 740.000       2.8878
 741.000       2.7680
 742.000       2.5819
 743.000       2.8349
 744.000       2.9404
 745.000       2.6670
 746.000       2.8087
 747.000       3.1431
 748.000       3.3614
 749.000       2.9567
 750.000       3.2042
 751.000       3.6898
 752.000       3.7069
 753.000       3.8480
 754.000       3.5406
 755.000       3.2775
 756.000       3.4204
 757.000       3.3971
 758.000       3.1676
 759.000       3.0634
 760.000       2.8680
 761.000       2.9791
 762.000       2.7646
 763.000       2.5754
 764.000       2.5000
 765.000       2.6957
 766.000       2.4207
 767.000       2.5459
 768.000       2.7570
 769.000       2.9237
 770.000       3.4466
 771.000       3.3705
 772.000       4.4403
 773.000       4.3788
 774.000       4.2901
 775.000       5.0713
 776.000       5.3994
