#Res        AtomicFlx
 400.000       6.7977
 401.000       5.8957
 402.000       5.3358
 403.000       5.5038
 404.000       5.2571
 405.000       4.3350
 406.000       2.8188
 407.000       3.3943
 408.000       3.1052
 409.000       1.8989
 410.000       2.8714
 411.000       2.2496
 412.000       2.2326
 413.000       1.9345
 414.000       2.5655
 415.000       2.2839
 416.000       2.3333
 417.000       1.7693
 418.000       1.8025
 419.000       1.3564
 420.000       1.4426
 421.000       1.4582
 422.000       1.6560
 423.000       1.8383
 424.000       1.9533
 425.000       1.2317
 426.000       1.7714
 427.000       1.5549
 428.000       1.5327
 429.000       1.3009
 430.000       1.5650
 431.000       2.0940
 432.000       1.4086
 433.000       1.4660
 434.000       1.9180
 435.000       2.0031
 436.000       1.7912
 437.000       1.8395
 438.000       2.8020
 439.000       2.1777
 440.000       1.5583
 441.000       1.5727
 442.000       1.3689
 443.000       1.3040
 444.000       2.0187
 445.000       1.3381
 446.000       1.1536
 447.000       1.3092
 448.000       1.5259
 449.000       1.2302
 450.000       1.1565
 451.000       1.4076
 452.000       1.1583
 453.000       1.0259
 454.000       1.0746
 455.000       1.3550
 456.000       1.1243
 457.000       1.3029
 458.000       1.1498
 459.000       1.2001
 460.000       1.4009
 461.000       1.3267
 462.000       1.2529
 463.000       1.3404
 464.000       1.4031
 465.000       1.3489
 466.000       1.5047
 467.000       1.6150
 468.000       1.6500
 469.000       1.6227
 470.000       1.8662
 471.000       2.0342
 472.000       2.0424
 473.000       2.3648
 474.000       2.3720
 475.000       1.8297
 476.000       1.8665
 477.000       1.5172
 478.000       1.5207
 479.000       1.5732
 480.000       1.7890
 481.000       1.5730
 482.000       1.3766
 483.000       1.8355
 484.000       1.4513
 485.000       1.3833
 486.000       1.7392
 487.000       1.6620
 488.000       1.6187
 489.000       2.1008
 490.000       3.6886
 491.000       3.9839
