#Res        AtomicFlx
 503.000       3.8617
 504.000       3.6273
 505.000       3.9772
 506.000       4.0850
 507.000       3.7500
 508.000       3.8436
 509.000       4.0418
 510.000       4.3097
 511.000       3.9006
 512.000       4.4579
 513.000       4.3480
 514.000       4.6307
 515.000       4.2690
 516.000       4.1540
 517.000       3.8376
 518.000       3.9949
 519.000       3.7390
 520.000       3.8860
 521.000       3.3463
 522.000       3.3908
 523.000       3.1487
 524.000       2.9922
 525.000       3.0488
 526.000       2.9101
 527.000       2.7481
 528.000       2.6266
 529.000       2.5490
 530.000       2.4398
 531.000       2.3879
 532.000       2.3198
 533.000       2.1646
 534.000       2.2728
 535.000       2.1303
 536.000       1.9320
 537.000       1.9080
 538.000       1.9225
 539.000       1.7456
 540.000       1.7717
 541.000       1.7844
 542.000       1.8117
 543.000       1.7303
 544.000       1.6978
 545.000       1.7784
 546.000       2.6141
 547.000       2.0751
 548.000       2.1598
 549.000       2.0164
 550.000       1.8518
 551.000       1.8769
 552.000       1.9345
 553.000       1.9569
 554.000       1.9010
 555.000       1.7785
 556.000       1.9105
 557.000       2.0028
 558.000       1.8493
 559.000       1.8703
 560.000       2.0098
 561.000       2.0294
 562.000       2.0969
 563.000       2.0993
 564.000       2.3414
 565.000       2.3176
 566.000       2.9849
 567.000       3.1224
 568.000       2.6139
 569.000       2.3582
 570.000       3.2474
 571.000       2.9952
 572.000       2.4200
 573.000       2.3505
 574.000       2.5094
 575.000       2.9605
 576.000       2.3357
 577.000       2.4656
 578.000       2.8217
 579.000       2.5350
 580.000       2.5349
 581.000       2.7277
 582.000       3.1949
 583.000       3.0019
 584.000       2.9699
 585.000       4.4291
 586.000       3.7060
 587.000       4.4182
 588.000       5.1003
 589.000       4.1309
 590.000       5.4725
