#Res        AtomicFlx
 902.000       2.3624
 903.000       2.1606
 904.000       2.6045
 905.000       2.6538
 906.000       3.0300
 907.000       2.4216
 908.000       2.2169
 909.000       2.7634
 910.000       2.3278
 911.000       2.7733
 912.000       2.6925
 913.000       3.1083
 914.000       2.3807
 915.000       2.3535
 916.000       2.1607
 917.000       2.1756
 918.000       2.0518
 919.000       2.2559
 920.000       1.6598
 921.000       1.8006
 922.000       1.6465
 923.000       1.6610
 924.000       1.5450
 925.000       1.4818
 926.000       1.6349
 927.000       1.3769
 928.000       1.3290
 929.000       1.3110
 930.000       1.7237
 931.000       1.4552
 932.000       1.2585
 933.000       1.4191
 934.000       1.5301
 935.000       1.2881
 936.000       1.3968
 937.000       1.7043
 938.000       1.3434
 939.000       1.4065
 940.000       1.5608
 941.000       1.5527
 942.000       1.5189
 943.000       1.6711
 944.000       1.6027
 945.000       2.2674
 946.000       2.0857
 947.000       2.2557
 948.000       2.0874
 949.000       1.8562
 950.000       1.7701
 951.000       1.7992
 952.000       1.7022
 953.000       1.8085
 954.000       1.5429
 955.000       1.4405
 956.000       1.5944
 957.000       1.5600
 958.000       1.3966
 959.000       1.4203
 960.000       1.5082
 961.000       1.6343
 962.000       1.5558
 963.000       1.7880
 964.000       1.7840
 965.000       2.4977
 966.000       2.7513
 967.000       2.1965
 968.000       1.7930
 969.000       2.7002
 970.000       2.2301
 971.000       1.8747
 972.000       1.8189
 973.000       1.9997
 974.000       2.4307
 975.000       1.9800
 976.000       2.1446
 977.000       2.6293
 978.000       2.4938
 979.000       2.4473
 980.000       2.7586
 981.000       3.6006
 982.000       3.1832
 983.000       3.3847
 984.000       3.7119
 985.000       4.1146
 986.000       4.4715
 987.000       4.6687
 988.000       5.9161
 989.000       6.8787
