#Res        AtomicFlx
 902.000       2.4121
 903.000       2.2934
 904.000       3.1173
 905.000       3.0850
 906.000       3.3297
 907.000       2.7062
 908.000       4.3065
 909.000       6.1200
 910.000       4.1880
 911.000       3.8446
 912.000       4.3297
 913.000       4.5056
 914.000       4.0049
 915.000       2.5472
 916.000       2.2384
 917.000       2.4626
 918.000       2.1865
 919.000       2.5373
 920.000       1.8561
 921.000       1.9332
 922.000       1.8719
 923.000       1.9378
 924.000       1.5615
 925.000       1.7182
 926.000       1.8796
 927.000       1.4381
 928.000       1.5477
 929.000       1.6934
 930.000       1.7306
 931.000       1.7089
 932.000       1.7189
 933.000       2.0448
 934.000       2.0069
 935.000       1.8633
 936.000       2.1427
 937.000       2.4227
 938.000       2.2065
 939.000       2.2337
 940.000       2.3613
 941.000       2.5867
 942.000       2.3922
 943.000       2.4270
 944.000       2.5416
 945.000       3.3738
 946.000       2.8619
 947.000       3.0431
 948.000       2.8108
 949.000       2.5717
 950.000       2.4095
 951.000       2.4779
 952.000       2.3318
 953.000       2.4567
 954.000       2.2551
 955.000       2.0497
 956.000       2.1255
 957.000       2.2400
 958.000       2.0169
 959.000       1.8742
 960.000       2.1732
 961.000       2.3579
 962.000       2.0294
 963.000       2.3659
 964.000       2.8931
 965.000       4.5168
 966.000       4.5907
 967.000       5.5394
 968.000       5.3235
 969.000       6.2943
 970.000       3.5269
 971.000       2.2575
 972.000       2.2700
 973.000       2.3730
 974.000       2.6849
 975.000       2.1685
 976.000       2.4346
 977.000       2.8703
 978.000       2.6961
 979.000       2.7522
 980.000       3.0315
 981.000       3.6330
 982.000       4.1162
 983.000       3.5649
 984.000       3.9010
 985.000       4.0215
 986.000       4.2999
 987.000       5.0991
 988.000       5.6476
 989.000       6.6794
