#Res        AtomicFlx
 400.000       6.6955
 401.000       6.5948
 402.000       7.1623
 403.000       6.7168
 404.000       6.4209
 405.000       5.9487
 406.000       4.3559
 407.000       4.5161
 408.000       3.9255
 409.000       3.3804
 410.000       4.2442
 411.000       3.0970
 412.000       3.0231
 413.000       3.0550
 414.000       2.9699
 415.000       2.3879
 416.000       2.4335
 417.000       2.0921
 418.000       1.9246
 419.000       1.9412
 420.000       1.9882
 421.000       2.2135
 422.000       2.3726
 423.000       2.5708
 424.000       2.5318
 425.000       1.9908
 426.000       2.5700
 427.000       2.3631
 428.000       2.4444
 429.000       2.0258
 430.000       2.4021
 431.000       3.0180
 432.000       2.2206
 433.000       2.1672
 434.000       2.7551
 435.000       2.8688
 436.000       2.4434
 437.000       2.6570
 438.000       3.4934
 439.000       3.1157
 440.000       2.0726
 441.000       2.0945
 442.000       1.8684
 443.000       1.6435
 444.000       2.2182
 445.000       1.5555
 446.000       1.4983
 447.000       1.8152
 448.000       1.7994
 449.000       1.5707
 450.000       1.6640
 451.000       1.7017
 452.000       1.5698
 453.000       1.5236
 454.000       1.6722
 455.000       1.7076
 456.000       1.7242
 457.000       1.8581
 458.000       1.7682
 459.000       1.7962
 460.000       1.7757
 461.000       1.9598
 462.000       1.9123
 463.000       1.8862
 464.000       2.0284
 465.000       2.1157
 466.000       2.1684
 467.000       2.2016
 468.000       2.3618
 469.000       2.4056
 470.000       2.7067
 471.000       2.7233
 472.000       2.8056
 473.000       3.0434
 474.000       2.6907
 475.000       2.6553
 476.000       3.0962
 477.000       2.4616
 478.000       2.5310
 479.000       2.5780
 480.000       2.8778
 481.000       2.4838
 482.000       2.3102
 483.000       2.8032
 484.000       2.4343
 485.000       2.2887
 486.000       2.6829
 487.000       2.6559
 488.000       2.5695
 489.000       2.9127
 490.000       4.3176
 491.000       4.5790
