#Res        AtomicFlx
 902.000       1.5913
 903.000       1.4922
 904.000       1.6449
 905.000       1.9298
 906.000       1.8465
 907.000       1.6620
 908.000       2.0199
 909.000       2.6635
 910.000       2.1217
 911.000       2.3837
 912.000       2.3730
 913.000       2.3758
 914.000       1.9630
 915.000       1.7213
 916.000       1.5961
 917.000       1.6101
 918.000       1.5824
 919.000       2.0066
 920.000       1.3758
 921.000       1.4766
 922.000       1.4103
 923.000       1.4964
 924.000       1.2112
 925.000       1.2584
 926.000       1.4008
 927.000       1.0356
 928.000       0.9866
 929.000       0.9363
 930.000       1.5695
 931.000       0.9623
 932.000       0.8285
 933.000       0.9349
 934.000       1.1246
 935.000       0.8877
 936.000       0.9562
 937.000       1.1462
 938.000       0.9526
 939.000       0.9513
 940.000       1.0668
 941.000       1.3818
 942.000       1.2450
 943.000       1.2154
 944.000       1.2613
 945.000       2.4797
 946.000       2.1861
 947.000       2.3348
 948.000       2.0063
 949.000       1.4737
 950.000       1.3265
 951.000       1.4747
 952.000       1.1442
 953.000       1.2543
 954.000       1.0333
 955.000       0.9789
 956.000       1.1460
 957.000       1.1603
 958.000       1.0580
 959.000       1.0747
 960.000       1.2064
 961.000       1.4453
 962.000       1.2804
 963.000       1.4934
 964.000       1.4930
 965.000       2.1290
 966.000       2.6947
 967.000       1.8409
 968.000       1.4433
 969.000       2.2921
 970.000       1.7748
 971.000       1.3741
 972.000       1.3929
 973.000       1.4528
 974.000       1.6824
 975.000       1.2535
 976.000       1.4096
 977.000       1.8514
 978.000       1.4739
 979.000       1.4180
 980.000       1.8878
 981.000       2.5883
 982.000       2.4979
 983.000       2.8259
 984.000       4.1063
 985.000       5.3830
 986.000       6.8430
 987.000       7.3270
 988.000       8.6372
 989.000      10.2755
