#Res        AtomicFlx
 799.000       6.0574
 800.000       5.8044
 801.000       5.8613
 802.000       5.4941
 803.000       4.7591
 804.000       4.6151
 805.000       4.0726
 806.000       4.2813
 807.000       4.1508
 808.000       3.6220
 809.000       4.1082
 810.000       3.8701
 811.000       3.5587
 812.000       3.5362
 813.000       3.9071
 814.000       3.6556
 815.000       3.7711
 816.000       3.7693
 817.000       3.4954
 818.000       3.4586
 819.000       3.5141
 820.000       3.8067
 821.000       3.9265
 822.000       4.0464
 823.000       4.0518
 824.000       3.4215
 825.000       3.9553
 826.000       3.7197
 827.000       3.7483
 828.000       3.3863
 829.000       3.7589
 830.000       3.7682
 831.000       3.3386
 832.000       3.4522
 833.000       3.8299
 834.000       3.8066
 835.000       3.2737
 836.000       3.5605
 837.000       3.8684
 838.000       4.0648
 839.000       3.6348
 840.000       4.1731
 841.000       3.5924
 842.000       3.6238
 843.000       4.2649
 844.000       3.5409
 845.000       3.2605
 846.000       3.4191
 847.000       3.5140
 848.000       3.0850
 849.000       3.0359
 850.000       3.3373
 851.000       3.0620
 852.000       2.7800
 853.000       2.8406
 854.000       3.1320
 855.000       2.8275
 856.000       2.6491
 857.000       2.7480
 858.000       2.7960
 859.000       2.7791
 860.000       2.5982
 861.000       2.7253
 862.000       2.7050
 863.000       2.4736
 864.000       2.6212
 865.000       2.7573
 866.000       2.4372
 867.000       2.4672
 868.000       2.7038
 869.000       2.8097
 870.000       2.3519
 871.000       2.5951
 872.000       2.9308
 873.000       3.1114
 874.000       3.0972
 875.000       3.3791
 876.000       3.0200
 877.000       2.9746
 878.000       2.9969
 879.000       3.0399
 880.000       2.7465
 881.000       2.6954
 882.000       2.9969
 883.000       2.5095
 884.000       2.4095
 885.000       2.8591
 886.000       2.5190
 887.000       2.4840
 888.000       2.8252
 889.000       4.2739
 890.000       5.2396
