#Res        AtomicFlx
 799.000       7.2959
 800.000       5.6351
 801.000       4.9589
 802.000       3.7100
 803.000       3.2511
 804.000       3.4908
 805.000       2.5401
 806.000       3.1554
 807.000       2.8107
 808.000       2.3509
 809.000       2.8266
 810.000       2.5669
 811.000       2.4381
 812.000       2.3774
 813.000       2.7260
 814.000       2.5802
 815.000       2.8033
 816.000       2.7413
 817.000       2.6496
 818.000       2.1384
 819.000       2.0847
 820.000       2.2306
 821.000       2.5480
 822.000       2.6546
 823.000       2.5104
 824.000       2.0603
 825.000       2.6180
 826.000       2.3378
 827.000       2.1505
 828.000       2.1240
 829.000       2.5806
 830.000       2.7636
 831.000       2.0843
 832.000       2.3508
 833.000       2.7693
 834.000       2.6391
 835.000       2.4360
 836.000       2.7088
 837.000       4.6555
 838.000       3.2752
 839.000       2.4568
 840.000       2.6098
 841.000       2.2726
 842.000       2.2272
 843.000       2.7174
 844.000       2.2013
 845.000       2.0019
 846.000       2.1443
 847.000       2.2529
 848.000       1.8874
 849.000       1.8253
 850.000       2.0252
 851.000       1.8464
 852.000       1.6252
 853.000       1.6311
 854.000       1.9587
 855.000       1.6656
 856.000       1.5777
 857.000       1.5608
 858.000       1.6081
 859.000       2.0645
 860.000       1.5135
 861.000       1.5446
 862.000       1.8052
 863.000       1.5219
 864.000       1.4800
 865.000       1.6113
 866.000       1.4608
 867.000       1.4873
 868.000       1.6593
 869.000       1.8659
 870.000       1.8952
 871.000       1.8888
 872.000       2.0790
 873.000       2.2891
 874.000       2.0813
 875.000       2.3236
 876.000       1.8593
 877.000       1.8030
 878.000       1.8263
 879.000       2.1357
 880.000       1.7322
 881.000       1.5740
 882.000       2.0029
 883.000       1.5452
 884.000       1.4389
 885.000       1.7370
 886.000       2.2951
 887.000       1.8487
 888.000       2.3828
 889.000       3.4977
 890.000       4.1260
