#Res        AtomicFlx
 305.000       2.2873
 306.000       2.4174
 307.000       2.2044
 308.000       2.0970
 309.000       1.9148
 310.000       2.4150
 311.000       2.1933
 312.000       1.8438
 313.000       1.9067
 314.000       2.5233
 315.000       2.1714
 316.000       1.9369
 317.000       2.1047
 318.000       2.1016
 319.000       2.3881
 320.000       2.2754
 321.000       2.1317
 322.000       2.1451
 323.000       2.4427
 324.000       2.4407
 325.000       1.9661
 326.000       2.3485
 327.000       2.0332
 328.000       1.9015
 329.000       1.7678
 330.000       2.3833
 331.000       1.8906
 332.000       1.7306
 333.000       1.7329
 334.000       2.1289
 335.000       1.9933
 336.000       1.7211
 337.000       1.8243
 338.000       2.1044
 339.000       1.9684
 340.000       1.8014
 341.000       1.9707
 342.000       2.1930
 343.000       1.8304
 344.000       1.8990
 345.000       2.1870
 346.000       2.1788
 347.000       2.0014
 348.000       2.2019
 349.000       2.6100
 350.000       2.3387
 351.000       2.2183
 352.000       2.6779
 353.000       2.4639
 354.000       2.6573
 355.000       2.2695
 356.000       2.1482
 357.000       2.1089
 358.000       2.0274
 359.000       1.8969
 360.000       1.8525
 361.000       1.6780
 362.000       1.9102
 363.000       1.8852
 364.000       1.5977
 365.000       1.5950
 366.000       1.8921
 367.000       1.7872
 368.000       1.8078
 369.000       2.2191
 370.000       1.6752
 371.000       1.5819
 372.000       1.7121
 373.000       1.9826
 374.000       2.3430
 375.000       2.5004
 376.000       3.2606
 377.000       3.9276
