#Res        AtomicFlx
 305.000       2.2447
 306.000       2.5145
 307.000       2.2150
 308.000       1.9978
 309.000       2.0327
 310.000       2.5092
 311.000       2.2690
 312.000       1.8584
 313.000       1.9848
 314.000       2.2882
 315.000       2.0222
 316.000       1.9477
 317.000       2.0786
 318.000       2.2433
 319.000       2.6203
 320.000       2.5612
 321.000       2.5656
 322.000       2.5992
 323.000       2.6146
 324.000       2.8900
 325.000       2.3673
 326.000       2.5407
 327.000       2.3292
 328.000       2.1479
 329.000       2.0074
 330.000       2.9548
 331.000       2.1470
 332.000       2.2565
 333.000       1.8962
 334.000       2.3005
 335.000       2.1555
 336.000       1.8908
 337.000       1.8251
 338.000       2.1069
 339.000       2.0732
 340.000       1.7688
 341.000       1.7565
 342.000       2.0464
 343.000       1.7737
 344.000       1.6580
 345.000       1.7949
 346.000       1.7938
 347.000       1.6221
 348.000       1.6750
 349.000       2.1137
 350.000       1.8145
 351.000       1.7461
 352.000       2.0459
 353.000       1.9890
 354.000       1.9987
 355.000       1.6871
 356.000       1.6499
 357.000       1.6688
 358.000       1.6446
 359.000       1.6312
 360.000       1.6389
 361.000       1.5162
 362.000       1.7143
 363.000       1.6288
 364.000       1.6067
 365.000       1.6120
 366.000       2.0179
 367.000       1.9398
 368.000       2.0822
 369.000       2.7104
 370.000       1.9852
 371.000       1.8342
 372.000       1.6162
 373.000       1.6675
 374.000       1.5663
 375.000       2.0071
 376.000       2.1362
 377.000       2.9878
