#Res        AtomicFlx
 598.000       2.5855
 599.000       3.9966
 600.000       2.8651
 601.000       3.1744
 602.000       2.2595
 603.000       1.5599
 604.000       1.6081
 605.000       1.5950
 606.000       1.9768
 607.000       1.1432
 608.000       1.2996
 609.000       2.0381
 610.000       1.1441
 611.000       1.0101
 612.000       1.0700
 613.000       1.5352
 614.000       1.1152
 615.000       1.0697
 616.000       1.0980
 617.000       1.1433
 618.000       1.4941
 619.000       1.1685
 620.000       1.0343
 621.000       1.0619
 622.000       1.4623
 623.000       1.1121
 624.000       1.0389
 625.000       1.0967
 626.000       1.1756
 627.000       1.1276
 628.000       1.1396
 629.000       1.2136
 630.000       1.2640
 631.000       1.2591
 632.000       1.3556
 633.000       1.7736
 634.000       1.6779
 635.000       1.7166
 636.000       1.8060
 637.000       1.8288
 638.000       2.0353
 639.000       1.8316
 640.000       2.0454
 641.000       2.4213
 642.000       2.2185
 643.000       2.1244
 644.000       2.4380
 645.000       2.7462
 646.000       2.3926
 647.000       2.5227
 648.000       3.2347
 649.000       3.1118
 650.000       2.7309
 651.000       3.2913
 652.000       2.7910
 653.000       3.0215
 654.000       2.8345
 655.000       2.1838
 656.000       2.0241
 657.000       1.8546
 658.000       2.1729
 659.000       2.0485
 660.000       1.8103
 661.000       1.8002
 662.000       2.0559
 663.000       1.9450
 664.000       1.8804
 665.000       2.1965
 666.000       2.5552
 667.000       2.2660
 668.000       2.1237
 669.000       2.0899
 670.000       1.9628
 671.000       2.2066
 672.000       1.8242
 673.000       1.6791
 674.000       1.6706
 675.000       2.1388
 676.000       2.4619
 677.000       1.5238
 678.000       1.4642
 679.000       1.7933
 680.000       1.8880
