#Res        AtomicFlx
 997.000       2.6554
 998.000       2.2610
 999.000       1.6141
1000.000       1.9924
1001.000       2.4060
1002.000       1.8119
1003.000       1.2111
1004.000       1.1948
1005.000       1.8594
1006.000       1.0046
1007.000       1.3337
1008.000       1.8982
1009.000       0.9915
1010.000       1.0402
1011.000       1.8991
1012.000       1.4310
1013.000       1.0736
1014.000       1.0167
1015.000       1.1730
1016.000       1.4037
1017.000       1.4363
1018.000       2.5677
1019.000       1.4943
1020.000       1.3931
1021.000       1.9419
1022.000       1.0994
1023.000       0.9767
1024.000       0.9817
1025.000       1.0783
1026.000       0.9733
1027.000       0.9399
1028.000       1.0106
1029.000       1.0795
1030.000       1.0140
1031.000       1.1494
1032.000       1.4423
1033.000       1.2702
1034.000       1.1951
1035.000       1.3690
1036.000       1.3024
1037.000       1.5062
1038.000       1.2536
1039.000       1.3677
1040.000       1.7627
1041.000       1.5303
1042.000       1.4161
1043.000       1.5814
1044.000       1.9255
1045.000       1.6340
1046.000       1.7164
1047.000       2.3555
1048.000       2.2648
1049.000       1.9947
1050.000       2.3790
1051.000       1.9786
1052.000       1.8817
1053.000       1.8169
1054.000       1.4801
1055.000       1.4485
1056.000       1.3637
1057.000       1.7504
1058.000       1.4676
1059.000       1.2749
1060.000       1.2964
1061.000       1.5307
1062.000       1.3163
1063.000       1.2907
1064.000       1.8443
1065.000       2.0383
1066.000       1.5779
1067.000       1.4024
1068.000       1.3067
1069.000       1.2178
1070.000       1.4958
1071.000       1.2364
1072.000       1.2954
1073.000       1.1853
1074.000       1.1857
1075.000       1.6222
1076.000       1.1400
1077.000       1.0759
1078.000       1.2199
1079.000       1.7664
