#Res        AtomicFlx
 503.000       3.2746
 504.000       2.8901
 505.000       3.7857
 506.000       3.7619
 507.000       3.2035
 508.000       3.5447
 509.000       3.9880
 510.000       4.2719
 511.000       3.7030
 512.000       4.5305
 513.000       4.4540
 514.000       4.7982
 515.000       4.1410
 516.000       3.5469
 517.000       3.0966
 518.000       3.2428
 519.000       2.9322
 520.000       2.9955
 521.000       2.3454
 522.000       2.4959
 523.000       2.2445
 524.000       2.0483
 525.000       2.0248
 526.000       2.0013
 527.000       1.9120
 528.000       1.6357
 529.000       1.7029
 530.000       1.6847
 531.000       1.5097
 532.000       1.6496
 533.000       1.4869
 534.000       1.5152
 535.000       1.5644
 536.000       1.3781
 537.000       1.4174
 538.000       1.4827
 539.000       1.2696
 540.000       1.2585
 541.000       1.3042
 542.000       1.3156
 543.000       1.3013
 544.000       1.2760
 545.000       1.3468
 546.000       2.3907
 547.000       1.6007
 548.000       1.7033
 549.000       1.5585
 550.000       1.2834
 551.000       1.3344
 552.000       1.5016
 553.000       1.4560
 554.000       1.4783
 555.000       1.3072
 556.000       1.3892
 557.000       1.5569
 558.000       1.4733
 559.000       1.4240
 560.000       1.4739
 561.000       1.6678
 562.000       1.8672
 563.000       1.7046
 564.000       2.0318
 565.000       2.1680
 566.000       2.8480
 567.000       2.9536
 568.000       2.3444
 569.000       1.9150
 570.000       2.9289
 571.000       2.4341
 572.000       1.8907
 573.000       1.8185
 574.000       1.9330
 575.000       2.3365
 576.000       1.8111
 577.000       1.8769
 578.000       2.2262
 579.000       1.9388
 580.000       1.9031
 581.000       2.0360
 582.000       2.8364
 583.000       2.4635
 584.000       2.2688
 585.000       2.4086
 586.000       2.5687
 587.000       3.2939
 588.000       3.5225
 589.000       3.4588
 590.000       4.5743
