#Res        AtomicFlx
 799.000       4.1376
 800.000       3.5481
 801.000       3.6651
 802.000       3.9020
 803.000       3.1760
 804.000       2.8392
 805.000       2.6073
 806.000       3.2460
 807.000       2.8289
 808.000       2.0387
 809.000       2.7215
 810.000       2.0589
 811.000       1.9272
 812.000       1.8721
 813.000       2.3153
 814.000       1.9314
 815.000       2.0975
 816.000       2.0799
 817.000       1.8105
 818.000       1.7710
 819.000       1.7713
 820.000       1.8698
 821.000       1.9951
 822.000       2.2390
 823.000       1.8452
 824.000       1.6483
 825.000       2.0648
 826.000       1.8034
 827.000       1.6976
 828.000       1.7113
 829.000       2.1040
 830.000       2.1577
 831.000       1.7043
 832.000       1.9758
 833.000       2.5276
 834.000       2.4943
 835.000       2.4146
 836.000       2.5519
 837.000       3.5932
 838.000       2.7204
 839.000       1.8445
 840.000       2.1026
 841.000       1.6988
 842.000       1.7247
 843.000       2.0953
 844.000       1.7131
 845.000       1.5864
 846.000       1.6763
 847.000       1.9277
 848.000       1.5734
 849.000       1.4519
 850.000       1.6069
 851.000       1.4952
 852.000       1.3424
 853.000       1.3566
 854.000       1.7017
 855.000       1.4710
 856.000       1.4567
 857.000       1.3740
 858.000       1.4459
 859.000       1.7929
 860.000       1.3705
 861.000       1.4684
 862.000       1.5709
 863.000       1.4280
 864.000       1.4807
 865.000       1.6401
 866.000       1.5908
 867.000       1.6092
 868.000       1.6830
 869.000       1.9988
 870.000       1.9715
 871.000       1.9956
 872.000       2.3351
 873.000       1.8383
 874.000       1.9369
 875.000       2.0406
 876.000       1.7034
 877.000       1.6425
 878.000       1.6526
 879.000       2.0566
 880.000       1.6253
 881.000       1.4567
 882.000       1.9187
 883.000       1.5058
 884.000       1.3927
 885.000       1.9010
 886.000       1.8896
 887.000       1.5688
 888.000       2.4902
 889.000       2.6172
 890.000       2.2846
