#Res        AtomicFlx
 799.000      10.0726
 800.000      10.3306
 801.000      12.3091
 802.000      13.6024
 803.000      11.0912
 804.000       8.8409
 805.000       7.7497
 806.000       6.3547
 807.000       5.1293
 808.000       5.8741
 809.000       7.4855
 810.000       4.2430
 811.000       4.2390
 812.000       5.0283
 813.000       5.0769
 814.000       3.9918
 815.000       4.0177
 816.000       3.8253
 817.000       3.4286
 818.000       3.2958
 819.000       3.2282
 820.000       3.5014
 821.000       3.8136
 822.000       3.9495
 823.000       3.9905
 824.000       3.0066
 825.000       4.1736
 826.000       3.3540
 827.000       2.8618
 828.000       2.9916
 829.000       3.6076
 830.000       3.3261
 831.000       2.7084
 832.000       3.1029
 833.000       3.6712
 834.000       3.2189
 835.000       2.8796
 836.000       3.4037
 837.000       4.2136
 838.000       3.5478
 839.000       3.1029
 840.000       3.6007
 841.000       3.1813
 842.000       3.2094
 843.000       3.7702
 844.000       3.0965
 845.000       2.9155
 846.000       3.0209
 847.000       3.1595
 848.000       2.7128
 849.000       2.6511
 850.000       2.8591
 851.000       2.7527
 852.000       2.4683
 853.000       2.4914
 854.000       2.8317
 855.000       2.5884
 856.000       2.3974
 857.000       2.4491
 858.000       2.6384
 859.000       2.6603
 860.000       2.3351
 861.000       2.5421
 862.000       2.7154
 863.000       2.4515
 864.000       2.4792
 865.000       2.8387
 866.000       2.8573
 867.000       2.6543
 868.000       2.7816
 869.000       3.2874
 870.000       3.2181
 871.000       3.0724
 872.000       3.5450
 873.000       2.8862
 874.000       3.2457
 875.000       3.0296
 876.000       2.6841
 877.000       2.4967
 878.000       2.4130
 879.000       2.6294
 880.000       2.4250
 881.000       2.2707
 882.000       2.4255
 883.000       2.1855
 884.000       2.1584
 885.000       2.1221
 886.000       2.2778
 887.000       2.2573
 888.000       2.5762
 889.000       3.1615
 890.000       3.9637
