#Res        AtomicFlx
 704.000       1.7413
 705.000       2.0933
 706.000       1.8330
 707.000       1.7960
 708.000       1.8039
 709.000       2.0315
 710.000       1.9072
 711.000       1.5759
 712.000       1.6432
 713.000       1.9011
 714.000       1.7246
 715.000       1.6156
 716.000       1.7272
 717.000       1.7314
 718.000       2.0155
 719.000       1.8428
 720.000       1.7710
 721.000       1.7482
 722.000       1.8828
 723.000       2.1772
 724.000       1.6736
 725.000       2.1048
 726.000       1.6176
 727.000       1.5239
 728.000       1.4858
 729.000       1.7665
 730.000       1.4448
 731.000       1.7084
 732.000       1.3876
 733.000       1.5520
 734.000       1.5952
 735.000       1.3639
 736.000       1.3947
 737.000       1.5371
 738.000       1.4612
 739.000       1.3837
 740.000       1.3950
 741.000       1.7626
 742.000       1.4651
 743.000       1.4406
 744.000       1.5774
 745.000       1.4273
 746.000       1.4250
 747.000       1.6202
 748.000       1.9259
 749.000       1.5501
 750.000       1.7479
 751.000       2.1181
 752.000       2.1690
 753.000       2.0301
 754.000       1.7636
 755.000       1.6144
 756.000       1.8574
 757.000       1.7617
 758.000       1.6539
 759.000       1.6328
 760.000       1.4676
 761.000       1.5714
 762.000       1.4053
 763.000       1.3827
 764.000       1.3416
 765.000       1.3911
 766.000       1.3995
 767.000       1.4781
 768.000       1.9013
 769.000       1.4961
 770.000       1.4738
 771.000       1.4813
 772.000       1.9283
 773.000       1.6914
 774.000       1.9491
 775.000       2.4718
 776.000       3.1742
