#Frame   AVERAGE_00016 AVERAGE_00016[SD]
       1        2.3973            0.7404
       2        2.6194            0.6942
       3        2.3438            0.7162
       4        2.2112            0.6867
       5        2.1199            0.6104
       6        2.5517            0.5916
       7        2.3442            0.7059
       8        1.9715            0.6356
       9        2.0177            0.6203
      10        2.5248            0.6299
      11        2.1504            0.6697
      12        1.9794            0.6306
      13        2.1213            0.6552
      14        2.1545            0.6437
      15        2.4601            0.6089
      16        2.2743            0.6171
      17        2.2181            0.6089
      18        2.2298            0.5858
      19        2.4305            0.5534
      20        2.6058            0.4955
      21        2.0780            0.5474
      22        2.4233            0.4685
      23        2.1217            0.4959
      24        1.9655            0.4728
      25        1.9055            0.5203
      26        2.4162            0.5383
      27        1.9476            0.4634
      28        1.9938            0.3747
      29        1.8396            0.5390
      30        2.1579            0.4887
      31        2.0571            0.3719
      32        1.7718            0.4359
      33        1.8315            0.5426
      34        2.0002            0.4519
      35        1.9413            0.4161
      36        1.7745            0.5026
      37        1.8278            0.5449
      38        2.0845            0.4052
      39        1.7525            0.4506
      40        1.7934            0.5534
      41        1.9563            0.5456
      42        1.8312            0.4973
      43        1.7961            0.5668
      44        1.9983            0.6341
      45        2.3171            0.5545
      46        1.9972            0.5698
      47        2.0712            0.6509
      48        2.4495            0.6561
      49        2.3692            0.6832
      50        2.4942            0.7496
      51        2.1702            0.7489
      52        2.0278            0.6703
      53        2.1182            0.7041
      54        2.1086            0.6966
      55        1.9410            0.6460
      56        1.8890            0.5991
      57        1.7309            0.6023
      58        1.9435            0.5642
      59        1.7446            0.5562
      60        1.6390            0.5058
      61        1.6239            0.4932
      62        1.8753            0.4961
      63        1.7528            0.4174
      64        1.8471            0.4107
      65        2.2127            0.3650
      66        1.8465            0.5378
      67        1.8997            0.6902
      68        1.8870            0.7239
      69        2.4595            1.1592
      70        2.5230            1.0220
      71        2.7834            0.9414
      72        3.3533            0.9112
      73        3.9673            0.9527
