#Res        AtomicFlx
 598.000       3.2338
 599.000       3.6355
 600.000       2.6875
 601.000       2.7402
 602.000       2.1724
 603.000       1.9439
 604.000       1.7649
 605.000       1.8058
 606.000       2.5755
 607.000       1.5979
 608.000       1.7812
 609.000       2.1510
 610.000       1.6279
 611.000       1.4805
 612.000       1.6106
 613.000       2.2748
 614.000       1.5433
 615.000       1.7489
 616.000       1.6835
 617.000       1.4700
 618.000       1.8150
 619.000       1.5569
 620.000       1.4761
 621.000       1.5121
 622.000       1.8892
 623.000       1.5462
 624.000       1.4671
 625.000       1.5634
 626.000       1.6652
 627.000       1.5653
 628.000       1.5691
 629.000       1.7047
 630.000       1.7456
 631.000       1.6513
 632.000       1.7818
 633.000       2.2594
 634.000       2.0347
 635.000       1.9492
 636.000       2.3505
 637.000       2.1674
 638.000       2.2519
 639.000       2.1098
 640.000       2.3474
 641.000       2.6227
 642.000       2.4784
 643.000       2.5734
 644.000       2.8220
 645.000       3.0199
 646.000       2.9755
 647.000       3.2004
 648.000       3.7367
 649.000       3.6341
 650.000       3.6674
 651.000       4.1738
 652.000       3.8328
 653.000       3.9288
 654.000       3.8580
 655.000       2.9164
 656.000       2.8444
 657.000       2.6112
 658.000       2.9595
 659.000       2.7999
 660.000       2.3816
 661.000       2.4364
 662.000       2.6022
 663.000       2.3625
 664.000       2.2525
 665.000       2.8319
 666.000       2.9356
 667.000       2.4422
 668.000       2.2885
 669.000       2.2108
 670.000       2.1548
 671.000       2.6286
 672.000       2.1542
 673.000       2.0554
 674.000       2.1586
 675.000       2.2785
 676.000       2.6058
 677.000       1.7225
 678.000       1.9283
 679.000       2.5778
 680.000       3.2514
