#Res        AtomicFlx
 503.000       1.9094
 504.000       1.9215
 505.000       2.6027
 506.000       2.4232
 507.000       3.1135
 508.000       2.3726
 509.000       2.8132
 510.000       3.1844
 511.000       2.5639
 512.000       3.2421
 513.000       3.1719
 514.000       3.4842
 515.000       2.9420
 516.000       2.6024
 517.000       2.3219
 518.000       2.3353
 519.000       2.2516
 520.000       2.5641
 521.000       1.8567
 522.000       1.9326
 523.000       1.8005
 524.000       1.7425
 525.000       1.5714
 526.000       1.5363
 527.000       1.6399
 528.000       1.3929
 529.000       1.2942
 530.000       1.2747
 531.000       1.2986
 532.000       1.2519
 533.000       1.0936
 534.000       1.2397
 535.000       1.3586
 536.000       1.0301
 537.000       1.0759
 538.000       1.1830
 539.000       0.9564
 540.000       0.9623
 541.000       0.9776
 542.000       1.0122
 543.000       1.0485
 544.000       1.0367
 545.000       1.1250
 546.000       2.0797
 547.000       1.5697
 548.000       1.4322
 549.000       1.3564
 550.000       1.0017
 551.000       0.9703
 552.000       1.1548
 553.000       1.0828
 554.000       1.1921
 555.000       0.9827
 556.000       1.0198
 557.000       1.2361
 558.000       1.1035
 559.000       1.0285
 560.000       1.1159
 561.000       1.2096
 562.000       1.3234
 563.000       1.2568
 564.000       1.4787
 565.000       1.4770
 566.000       2.2052
 567.000       2.7471
 568.000       1.7604
 569.000       1.4685
 570.000       2.5853
 571.000       2.0714
 572.000       1.4366
 573.000       1.4431
 574.000       1.4962
 575.000       1.8900
 576.000       1.3598
 577.000       1.4675
 578.000       1.7784
 579.000       1.3739
 580.000       1.4030
 581.000       1.5374
 582.000       2.3832
 583.000       1.6751
 584.000       1.6263
 585.000       1.7881
 586.000       1.9312
 587.000       2.4990
 588.000       2.6278
 589.000       2.6566
 590.000       4.2567
