#Res        AtomicFlx
 964.000       2.9121
 965.000       3.2482
 966.000       3.4006
 967.000       3.1407
 968.000       3.1766
 969.000       3.8388
 970.000       3.4989
 971.000       3.2198
 972.000       3.4629
 973.000       3.8232
 974.000       3.6594
 975.000       3.4852
 976.000       3.7846
 977.000       3.9326
 978.000       4.2170
 979.000       3.8644
 980.000       3.7975
 981.000       3.6831
 982.000       3.7669
 983.000       3.7530
 984.000       3.7599
 985.000       3.4098
 986.000       3.3664
 987.000       3.2164
 988.000       3.1221
 989.000       3.0398
 990.000       2.9373
 991.000       2.7968
 992.000       2.8035
 993.000       2.5790
 994.000       2.5716
 995.000       2.4575
 996.000       2.3443
 997.000       2.3011
 998.000       2.3621
 999.000       2.1670
1000.000       1.9852
1001.000       1.8561
1002.000       1.7764
1003.000       1.8186
1004.000       1.6068
1005.000       1.6275
1006.000       1.8964
1007.000       1.5487
1008.000       1.4195
1009.000       1.6055
1010.000       1.4001
1011.000       1.4332
1012.000       1.8642
1013.000       2.0114
1014.000       2.0530
1015.000       1.6369
1016.000       1.7230
1017.000       1.5415
1018.000       1.7881
1019.000       2.2381
1020.000       1.5942
1021.000       1.8090
1022.000       2.0361
1023.000       1.6522
1024.000       1.8309
1025.000       2.0293
1026.000       2.2618
1027.000       1.9078
1028.000       2.2958
1029.000       2.3241
1030.000       2.4588
1031.000       2.4945
1032.000       3.0927
1033.000       2.6161
1034.000       2.2812
1035.000       2.6746
1036.000       2.8595
1037.000       2.2998
1038.000       2.1440
1039.000       2.3923
1040.000       2.6078
1041.000       2.2023
1042.000       2.1394
1043.000       2.6517
1044.000       2.3766
1045.000       2.2210
1046.000       2.3110
1047.000       2.7608
1048.000       2.5531
1049.000       2.4750
1050.000       3.5118
1051.000       4.9253
