#Res        AtomicFlx
 402.000       3.5547
 403.000       3.6847
 404.000       3.7253
 405.000       3.5604
 406.000       3.3901
 407.000       3.8102
 408.000       3.7697
 409.000       3.4362
 410.000       3.5130
 411.000       3.8432
 412.000       3.6460
 413.000       3.4819
 414.000       3.6929
 415.000       3.6691
 416.000       4.0591
 417.000       3.8867
 418.000       3.5849
 419.000       3.4267
 420.000       3.3913
 421.000       3.1880
 422.000       3.1142
 423.000       3.3120
 424.000       3.1214
 425.000       2.7820
 426.000       2.8354
 427.000       2.9373
 428.000       2.4976
 429.000       2.5483
 430.000       2.6511
 431.000       2.5416
 432.000       2.2818
 433.000       2.4038
 434.000       2.4695
 435.000       2.3302
 436.000       2.1566
 437.000       2.2571
 438.000       2.2857
 439.000       2.2256
 440.000       2.0107
 441.000       2.2572
 442.000       2.2443
 443.000       2.0181
 444.000       2.1175
 445.000       2.4530
 446.000       2.6056
 447.000       2.3605
 448.000       2.5748
 449.000       2.8934
 450.000       2.7530
 451.000       3.0698
 452.000       2.9399
 453.000       2.7644
 454.000       2.8022
 455.000       2.7969
 456.000       2.8457
 457.000       2.4566
 458.000       2.4692
 459.000       2.4389
 460.000       2.2256
 461.000       2.0593
 462.000       2.2227
 463.000       2.0913
 464.000       2.0204
 465.000       2.0893
 466.000       2.0883
 467.000       2.5641
 468.000       2.4323
 469.000       2.6908
 470.000       2.7528
 471.000       3.1554
 472.000       3.1390
 473.000       3.2567
 474.000       4.3308
