#Frame   AVERAGE_00016 AVERAGE_00016[SD]
       1        1.3902            0.6014
       2        1.4464            0.7353
       3        1.6941            0.7120
       4        1.4516            0.6898
       5        1.3801            0.7342
       6        2.0646            0.7221
       7        1.7742            0.7129
       8        1.4537            0.7307
       9        1.5675            0.7889
      10        2.0064            0.7538
      11        2.1152            0.6455
      12        1.6887            0.7519
      13        2.0827            0.7683
      14        2.0241            0.8048
      15        2.4333            0.7750
      16        1.8527            0.8476
      17        1.7078            0.8826
      18        1.6153            0.8690
      19        1.6588            0.8868
      20        1.7517            0.8353
      21        1.9164            0.7679
      22        1.4194            0.8335
      23        1.5716            0.7530
      24        1.4030            0.7414
      25        1.3015            0.7501
      26        1.2966            0.7135
      27        1.3121            0.6588
      28        1.2001            0.6486
      29        1.3625            0.5868
      30        1.1596            0.5744
      31        1.2202            0.5522
      32        1.2571            0.4867
      33        1.1013            0.5003
      34        1.2482            0.4191
      35        1.5951            0.3070
      36        1.3999            0.3266
      37        1.0827            0.3815
      38        1.0704            0.3427
      39        1.1267            0.3098
      40        1.3981            0.2798
      41        1.0873            0.3122
      42        1.1756            0.2881
      43        1.5515            0.3642
      44        1.2442            0.3372
      45        1.1852            0.3355
      46        1.4943            0.3076
      47        1.2482            0.3443
      48        1.5751            0.2906
      49        1.7728            0.3579
      50        1.9203            0.3554
      51        1.6018            0.3814
      52        1.2880            0.3485
      53        1.1585            0.3455
      54        1.1502            0.3690
      55        1.2366            0.3664
      56        1.9942            0.3799
      57        1.2160            0.3516
      58        1.0756            0.3647
      59        1.4812            0.3457
      60        1.1577            0.3630
      61        1.0969            0.3735
      62        1.1525            0.4057
      63        1.6999            0.3429
      64        1.2357            0.3760
      65        1.4234            0.3804
      66        1.3583            0.4161
      67        1.4928            0.4232
      68        1.5478            0.4170
      69        2.1108            0.4037
      70        1.4819            0.4643
      71        1.3045            0.4280
      72        1.8061            0.3900
      73        1.8223            0.4282
      74        1.2346            0.4511
      75        1.2727            0.4094
      76        1.4318            0.4336
      77        1.5313            0.4489
      78        1.2411            0.4346
      79        1.3599            0.4074
      80        1.7288            0.4249
      81        1.3325            0.4791
      82        1.4220            0.4147
      83        1.5543            0.4305
      84        1.8420            0.4468
      85        1.5918            0.4832
      86        1.8657            0.4037
      87        2.9211            0.4640
      88        4.4313            0.4754
