#Res        AtomicFlx
 680.000       2.3075
 681.000       2.3914
 682.000       2.0709
 683.000       1.8106
 684.000       1.8179
 685.000       2.4848
 686.000       2.1935
 687.000       1.5528
 688.000       2.3300
 689.000       2.3588
 690.000       1.6320
 691.000       1.4121
 692.000       1.7192
 693.000       1.4403
 694.000       1.2994
 695.000       2.1628
 696.000       1.3837
 697.000       1.4742
 698.000       1.3529
 699.000       1.8027
 700.000       1.6049
 701.000       1.5426
 702.000       1.4486
 703.000       1.2626
 704.000       1.6543
 705.000       1.5306
 706.000       1.3584
 707.000       1.2518
 708.000       1.8181
 709.000       1.7242
 710.000       1.3214
 711.000       1.2652
 712.000       1.7348
 713.000       1.8151
 714.000       1.4516
 715.000       1.6061
 716.000       1.7276
 717.000       2.2124
 718.000       1.4700
 719.000       1.5998
 720.000       1.2558
 721.000       1.2851
 722.000       1.2784
 723.000       1.0922
 724.000       0.9920
 725.000       1.1401
 726.000       1.5077
 727.000       0.9731
 728.000       1.1596
 729.000       1.1893
 730.000       1.2246
 731.000       1.0303
 732.000       1.1726
 733.000       1.2489
 734.000       1.1566
 735.000       1.3178
 736.000       1.3446
 737.000       1.3471
 738.000       1.3566
 739.000       1.4203
 740.000       1.5632
 741.000       1.6745
 742.000       1.4877
 743.000       1.5443
 744.000       1.5972
 745.000       1.6615
 746.000       1.6216
 747.000       1.6897
 748.000       1.6948
 749.000       1.7040
 750.000       1.8223
 751.000       2.1468
 752.000       1.8109
 753.000       1.8429
 754.000       1.8137
 755.000       1.6977
 756.000       1.8967
 757.000       1.7625
 758.000       1.9776
 759.000       1.6807
 760.000       1.6853
 761.000       2.1459
 762.000       1.6611
 763.000       1.6284
 764.000       1.8834
 765.000       2.4122
 766.000       1.6911
 767.000       1.7183
 768.000       2.0400
 769.000       2.9310
 770.000       4.8006
 771.000       4.9629
