#Res        AtomicFlx
 854.000       1.5857
 855.000       1.5958
 856.000       1.2697
 857.000       1.4604
 858.000       1.8666
 859.000       1.1981
 860.000       1.2798
 861.000       1.1882
 862.000       1.5797
 863.000       1.2423
 864.000       1.1475
 865.000       1.0622
 866.000       1.1084
 867.000       1.3177
 868.000       1.0093
 869.000       1.1666
 870.000       1.2094
 871.000       1.1745
 872.000       1.1401
 873.000       1.5651
 874.000       1.6929
 875.000       1.0521
 876.000       1.2808
 877.000       1.0402
 878.000       0.9506
 879.000       1.2789
 880.000       1.1360
 881.000       1.0853
 882.000       1.1569
 883.000       1.1989
 884.000       0.9853
 885.000       0.8919
 886.000       0.9379
 887.000       0.9827
 888.000       0.9805
 889.000       0.9619
 890.000       0.9861
 891.000       1.0124
 892.000       1.0087
 893.000       1.0398
 894.000       1.2721
 895.000       1.1963
 896.000       1.1298
 897.000       1.1716
 898.000       1.2641
 899.000       1.5237
 900.000       1.3800
 901.000       1.3834
 902.000       1.7279
 903.000       1.5189
 904.000       1.5099
 905.000       1.5865
 906.000       1.8319
 907.000       1.6851
 908.000       1.7266
 909.000       2.5974
 910.000       2.2408
 911.000       2.1698
 912.000       2.3707
 913.000       2.0259
 914.000       1.9521
 915.000       2.3537
 916.000       1.5611
 917.000       1.5947
 918.000       1.5061
 919.000       1.6600
 920.000       1.6165
 921.000       1.4555
 922.000       1.7083
 923.000       1.7408
 924.000       1.5804
 925.000       1.6421
 926.000       2.4508
 927.000       2.4332
 928.000       2.1215
 929.000       2.4964
 930.000       1.9639
 931.000       1.6172
 932.000       1.9792
 933.000       1.9757
 934.000       1.5598
 935.000       1.8265
 936.000       2.2190
