#Res        AtomicFlx
 475.000       1.2317
 476.000       1.1346
 477.000       0.9485
 478.000       1.1220
 479.000       1.6797
 480.000       0.8880
 481.000       0.9028
 482.000       0.7914
 483.000       1.0593
 484.000       0.7870
 485.000       0.7678
 486.000       0.7808
 487.000       0.8699
 488.000       0.8720
 489.000       0.7297
 490.000       0.9542
 491.000       0.9528
 492.000       0.8675
 493.000       0.8651
 494.000       1.6145
 495.000       1.5279
 496.000       1.0661
 497.000       1.6527
 498.000       1.0896
 499.000       1.0342
 500.000       1.5694
 501.000       1.1850
 502.000       0.9247
 503.000       0.8850
 504.000       0.9793
 505.000       0.8108
 506.000       0.6949
 507.000       0.7086
 508.000       0.7436
 509.000       0.7611
 510.000       0.6613
 511.000       0.6398
 512.000       0.6686
 513.000       0.6946
 514.000       0.6739
 515.000       0.8682
 516.000       0.8289
 517.000       0.7272
 518.000       0.6926
 519.000       0.7725
 520.000       1.1073
 521.000       0.8570
 522.000       0.7974
 523.000       1.2666
 524.000       1.0574
 525.000       0.8589
 526.000       1.0179
 527.000       1.4644
 528.000       1.0989
 529.000       1.0785
 530.000       1.8030
 531.000       1.8482
 532.000       1.6273
 533.000       1.8021
 534.000       1.3942
 535.000       1.3465
 536.000       1.3919
 537.000       0.8146
 538.000       0.7802
 539.000       0.6864
 540.000       0.9625
 541.000       0.8307
 542.000       0.7464
 543.000       1.1905
 544.000       1.1513
 545.000       0.9634
 546.000       1.0063
 547.000       2.0404
 548.000       1.8581
 549.000       1.5967
 550.000       1.8390
 551.000       1.4372
 552.000       1.0871
 553.000       1.2027
 554.000       1.4577
 555.000       1.0613
 556.000       1.1168
 557.000       1.7694
