#Res        AtomicFlx
 964.000       0.9453
 965.000       0.7442
 966.000       0.9653
 967.000       0.8052
 968.000       0.6974
 969.000       1.3264
 970.000       1.0735
 971.000       0.7646
 972.000       0.7937
 973.000       1.2637
 974.000       1.4741
 975.000       0.9816
 976.000       1.3401
 977.000       1.2659
 978.000       1.6302
 979.000       0.9798
 980.000       0.7926
 981.000       0.7373
 982.000       0.7904
 983.000       0.9432
 984.000       1.1554
 985.000       0.6195
 986.000       0.8299
 987.000       0.7438
 988.000       0.6333
 989.000       0.6750
 990.000       0.7221
 991.000       0.6714
 992.000       0.8798
 993.000       0.7385
 994.000       0.7327
 995.000       0.8640
 996.000       0.6989
 997.000       0.9366
 998.000       1.4057
 999.000       1.0901
1000.000       0.8086
1001.000       0.8473
1002.000       0.9174
1003.000       1.3329
1004.000       0.9368
1005.000       1.0180
1006.000       1.5359
1007.000       1.0795
1008.000       1.0653
1009.000       1.3161
1010.000       1.0591
1011.000       1.6737
1012.000       1.6601
1013.000       2.2848
1014.000       1.9895
1015.000       1.3826
1016.000       1.0027
1017.000       0.9392
1018.000       0.9738
1019.000       1.9236
1020.000       1.0507
1021.000       0.8170
1022.000       1.2459
1023.000       0.9460
1024.000       0.8216
1025.000       0.8560
1026.000       1.5263
1027.000       0.9616
1028.000       1.1447
1029.000       1.2214
1030.000       1.5182
1031.000       1.2126
1032.000       1.8711
1033.000       1.2313
1034.000       1.0379
1035.000       1.5095
1036.000       1.5190
1037.000       0.9500
1038.000       0.9626
1039.000       1.1054
1040.000       1.2125
1041.000       0.8786
1042.000       0.9985
1043.000       1.3484
1044.000       0.8906
1045.000       1.0219
1046.000       1.1041
1047.000       1.4059
1048.000       1.0582
1049.000       1.3482
1050.000       1.9998
1051.000       3.5546
