#Res        AtomicFlx
 781.000       2.0574
 782.000       2.3650
 783.000       2.1544
 784.000       2.0163
 785.000       1.9888
 786.000       2.4142
 787.000       2.1086
 788.000       1.9231
 789.000       2.0304
 790.000       2.2328
 791.000       1.9726
 792.000       1.9891
 793.000       2.1452
 794.000       2.1950
 795.000       2.4573
 796.000       2.7180
 797.000       2.2904
 798.000       2.2835
 799.000       2.2682
 800.000       2.2134
 801.000       2.0706
 802.000       2.1194
 803.000       2.3641
 804.000       2.0538
 805.000       1.8435
 806.000       1.9386
 807.000       1.7214
 808.000       1.7142
 809.000       1.6268
 810.000       1.7916
 811.000       1.5366
 812.000       1.4134
 813.000       1.4934
 814.000       1.7293
 815.000       1.5328
 816.000       1.2498
 817.000       1.2519
 818.000       1.9580
 819.000       1.1432
 820.000       1.1462
 821.000       1.1876
 822.000       1.1350
 823.000       1.1389
 824.000       1.2016
 825.000       1.7642
 826.000       1.5376
 827.000       1.3689
 828.000       1.7376
 829.000       1.3183
 830.000       1.6260
 831.000       1.3833
 832.000       1.3260
 833.000       1.3286
 834.000       1.3502
 835.000       1.6827
 836.000       1.3024
 837.000       1.2528
 838.000       1.2378
 839.000       1.1766
 840.000       1.1445
 841.000       1.2459
 842.000       1.4043
 843.000       1.6305
 844.000       1.3380
 845.000       1.4084
 846.000       1.6692
 847.000       1.4384
 848.000       1.3674
 849.000       1.4624
 850.000       1.5667
 851.000       1.6128
 852.000       2.2966
 853.000       3.8817
