#Res        AtomicFlx
 680.000       3.4488
 681.000       3.4932
 682.000       3.3723
 683.000       3.1366
 684.000       3.0580
 685.000       3.5268
 686.000       3.0972
 687.000       2.6952
 688.000       3.1442
 689.000       3.2751
 690.000       2.7128
 691.000       2.2730
 692.000       2.5674
 693.000       2.3025
 694.000       2.0425
 695.000       2.6399
 696.000       2.3087
 697.000       2.4724
 698.000       2.4289
 699.000       2.9812
 700.000       2.5628
 701.000       2.6343
 702.000       2.6418
 703.000       2.2479
 704.000       2.4346
 705.000       2.6890
 706.000       2.4403
 707.000       2.1481
 708.000       2.6183
 709.000       2.7580
 710.000       2.3459
 711.000       2.2320
 712.000       2.8533
 713.000       2.8597
 714.000       2.5352
 715.000       3.0690
 716.000       2.5993
 717.000       2.8484
 718.000       2.0216
 719.000       2.2953
 720.000       1.9694
 721.000       1.6426
 722.000       1.8416
 723.000       1.5489
 724.000       1.5091
 725.000       1.8047
 726.000       2.0394
 727.000       1.5357
 728.000       1.7718
 729.000       2.0155
 730.000       1.7973
 731.000       1.7371
 732.000       2.0010
 733.000       2.1934
 734.000       1.9084
 735.000       2.1583
 736.000       2.2911
 737.000       2.2327
 738.000       2.1647
 739.000       2.3860
 740.000       2.6071
 741.000       2.3470
 742.000       2.4391
 743.000       2.7019
 744.000       2.7665
 745.000       2.7675
 746.000       2.8769
 747.000       3.0827
 748.000       3.0117
 749.000       3.0751
 750.000       3.3559
 751.000       3.6123
 752.000       3.3660
 753.000       3.2940
 754.000       3.3768
 755.000       3.1373
 756.000       3.4279
 757.000       3.2572
 758.000       3.5009
 759.000       3.0553
 760.000       2.8074
 761.000       3.2134
 762.000       2.8766
 763.000       2.5227
 764.000       2.7931
 765.000       3.3653
 766.000       2.6479
 767.000       2.8237
 768.000       2.5727
 769.000       2.8377
 770.000       4.9478
 771.000       4.3186
