#Res        AtomicFlx
 301.000       2.1830
 302.000       2.3087
 303.000       2.2088
 304.000       2.0575
 305.000       2.1473
 306.000       2.5973
 307.000       2.1899
 308.000       1.9060
 309.000       2.7466
 310.000       2.5500
 311.000       1.8721
 312.000       1.8628
 313.000       2.1874
 314.000       1.9124
 315.000       1.7583
 316.000       2.4542
 317.000       1.7100
 318.000       1.6684
 319.000       1.6490
 320.000       2.3506
 321.000       1.9208
 322.000       1.7779
 323.000       1.6551
 324.000       1.4683
 325.000       1.7667
 326.000       1.6459
 327.000       1.4629
 328.000       1.3967
 329.000       1.7359
 330.000       1.6453
 331.000       1.3259
 332.000       1.2969
 333.000       1.7647
 334.000       1.8721
 335.000       1.8862
 336.000       1.7917
 337.000       1.7604
 338.000       2.2823
 339.000       1.4735
 340.000       1.6118
 341.000       1.3134
 342.000       1.6412
 343.000       1.6423
 344.000       1.4696
 345.000       1.2708
 346.000       1.4081
 347.000       1.7726
 348.000       1.2793
 349.000       1.3451
 350.000       1.4502
 351.000       1.6108
 352.000       1.2692
 353.000       1.3413
 354.000       1.5869
 355.000       1.3871
 356.000       1.3651
 357.000       1.4665
 358.000       1.6014
 359.000       1.4862
 360.000       1.4821
 361.000       1.6877
 362.000       1.8436
 363.000       1.6544
 364.000       1.6032
 365.000       1.7467
 366.000       1.7804
 367.000       1.6526
 368.000       1.7664
 369.000       1.8258
 370.000       1.7627
 371.000       1.8606
 372.000       2.2119
 373.000       1.8770
 374.000       1.9755
 375.000       1.8948
 376.000       1.7363
 377.000       1.8264
 378.000       1.6194
 379.000       1.7682
 380.000       1.6393
 381.000       1.6245
 382.000       2.0922
 383.000       1.6172
 384.000       1.6185
 385.000       1.9126
 386.000       2.2538
 387.000       1.6406
 388.000       1.7362
 389.000       1.7089
 390.000       4.0471
 391.000       4.7964
 392.000       5.8947
