#Res        AtomicFlx
 680.000       2.7383
 681.000       2.8452
 682.000       2.7157
 683.000       2.5327
 684.000       2.5839
 685.000       2.9928
 686.000       2.5576
 687.000       2.2690
 688.000       2.8429
 689.000       2.8172
 690.000       2.1975
 691.000       2.0953
 692.000       2.4002
 693.000       2.1387
 694.000       2.0077
 695.000       2.5240
 696.000       1.9242
 697.000       1.9601
 698.000       1.8771
 699.000       2.1702
 700.000       2.0444
 701.000       1.9795
 702.000       1.8851
 703.000       1.6823
 704.000       1.9458
 705.000       1.8683
 706.000       1.7068
 707.000       1.5436
 708.000       1.9987
 709.000       1.8869
 710.000       1.5284
 711.000       1.4442
 712.000       1.8908
 713.000       2.0305
 714.000       1.9202
 715.000       1.7634
 716.000       1.8754
 717.000       2.6634
 718.000       1.7782
 719.000       1.8425
 720.000       1.5535
 721.000       1.7057
 722.000       1.7218
 723.000       1.5782
 724.000       1.4133
 725.000       1.5308
 726.000       1.9057
 727.000       1.4278
 728.000       1.4354
 729.000       1.6377
 730.000       1.7696
 731.000       1.4535
 732.000       1.5433
 733.000       1.8003
 734.000       1.5870
 735.000       1.5946
 736.000       1.7071
 737.000       1.8574
 738.000       1.7495
 739.000       1.7660
 740.000       2.0177
 741.000       2.1260
 742.000       1.9008
 743.000       1.9987
 744.000       2.1710
 745.000       2.1976
 746.000       2.0958
 747.000       2.2710
 748.000       2.3443
 749.000       2.2870
 750.000       2.4074
 751.000       2.7601
 752.000       2.3971
 753.000       2.5009
 754.000       2.3775
 755.000       2.2000
 756.000       2.2996
 757.000       2.0544
 758.000       2.2730
 759.000       2.1223
 760.000       2.0217
 761.000       2.3457
 762.000       1.9559
 763.000       1.8932
 764.000       2.2129
 765.000       2.5950
 766.000       1.9316
 767.000       1.9379
 768.000       2.1650
 769.000       4.4041
 770.000       6.4148
 771.000       7.4822
