#Res        AtomicFlx
 585.000       1.2371
 586.000       1.3247
 587.000       1.6900
 588.000       1.3715
 589.000       1.1889
 590.000       1.9214
 591.000       1.7730
 592.000       1.3532
 593.000       1.4475
 594.000       2.0019
 595.000       2.1045
 596.000       1.5885
 597.000       2.2870
 598.000       2.0444
 599.000       2.5602
 600.000       1.7709
 601.000       1.6013
 602.000       1.4850
 603.000       1.5420
 604.000       1.6255
 605.000       1.8125
 606.000       1.1986
 607.000       1.4141
 608.000       1.1484
 609.000       1.0068
 610.000       1.0000
 611.000       1.0504
 612.000       0.8893
 613.000       1.1249
 614.000       0.9449
 615.000       0.9728
 616.000       1.1044
 617.000       1.0203
 618.000       1.1951
 619.000       1.5935
 620.000       1.4109
 621.000       1.2749
 622.000       1.2968
 623.000       1.4424
 624.000       1.8484
 625.000       1.5931
 626.000       1.6613
 627.000       2.1122
 628.000       1.9777
 629.000       1.9623
 630.000       2.2081
 631.000       2.0962
 632.000       2.2793
 633.000       2.6514
 634.000       2.5297
 635.000       2.1315
 636.000       1.9704
 637.000       1.7344
 638.000       1.9221
 639.000       1.8959
 640.000       2.8408
 641.000       1.9433
 642.000       1.5388
 643.000       2.0842
 644.000       1.8446
 645.000       1.5709
 646.000       1.5369
 647.000       2.2429
 648.000       1.7723
 649.000       1.6393
 650.000       1.5521
 651.000       1.6378
 652.000       1.8187
 653.000       2.2175
 654.000       1.5188
 655.000       1.5882
 656.000       2.1332
 657.000       1.9584
 658.000       1.4682
 659.000       1.6998
 660.000       1.8106
 661.000       1.7262
 662.000       1.6347
 663.000       1.9115
 664.000       2.1182
 665.000       1.7743
 666.000       1.9835
 667.000       2.2031
 668.000       2.3382
 669.000       2.1433
 670.000       2.5595
 671.000       3.6050
 672.000       5.1258
