#Res        AtomicFlx
 585.000       1.3898
 586.000       1.5618
 587.000       1.7662
 588.000       1.5742
 589.000       1.5444
 590.000       2.1994
 591.000       1.8531
 592.000       1.6292
 593.000       1.7740
 594.000       2.1799
 595.000       2.2273
 596.000       1.9007
 597.000       2.2273
 598.000       2.2757
 599.000       2.6702
 600.000       2.1268
 601.000       2.0027
 602.000       1.8733
 603.000       1.9032
 604.000       1.9563
 605.000       2.1060
 606.000       1.6738
 607.000       1.8126
 608.000       1.5930
 609.000       1.5238
 610.000       1.4977
 611.000       1.4209
 612.000       1.3648
 613.000       1.5327
 614.000       1.3153
 615.000       1.3776
 616.000       1.3988
 617.000       1.2019
 618.000       1.2989
 619.000       1.6350
 620.000       1.4630
 621.000       1.0673
 622.000       1.0091
 623.000       1.0614
 624.000       1.2523
 625.000       0.9596
 626.000       1.0450
 627.000       1.1781
 628.000       1.1095
 629.000       1.0193
 630.000       1.3339
 631.000       1.1238
 632.000       1.4294
 633.000       1.5708
 634.000       1.5342
 635.000       1.3592
 636.000       0.9926
 637.000       0.8941
 638.000       0.8783
 639.000       1.0384
 640.000       2.0061
 641.000       0.9415
 642.000       0.9742
 643.000       1.3357
 644.000       1.0533
 645.000       1.0666
 646.000       1.1820
 647.000       1.7259
 648.000       1.2691
 649.000       1.4917
 650.000       1.4422
 651.000       1.5822
 652.000       1.6402
 653.000       2.1944
 654.000       1.6189
 655.000       1.3911
 656.000       1.8579
 657.000       1.8954
 658.000       1.2978
 659.000       1.2756
 660.000       1.4435
 661.000       1.5670
 662.000       1.2085
 663.000       1.2910
 664.000       1.7248
 665.000       1.2869
 666.000       1.3061
 667.000       1.4359
 668.000       1.8101
 669.000       1.5420
 670.000       1.7507
 671.000       2.8136
 672.000       4.0669
