#Res        AtomicFlx
 781.000       1.7721
 782.000       2.0120
 783.000       1.8034
 784.000       1.5691
 785.000       1.5649
 786.000       2.0668
 787.000       1.8956
 788.000       1.4453
 789.000       1.4826
 790.000       1.5701
 791.000       1.4292
 792.000       1.4472
 793.000       1.5193
 794.000       1.5808
 795.000       1.7833
 796.000       1.9031
 797.000       1.8116
 798.000       1.8750
 799.000       1.9249
 800.000       1.9340
 801.000       1.7436
 802.000       1.8184
 803.000       2.1987
 804.000       1.8658
 805.000       1.5861
 806.000       1.6522
 807.000       1.5400
 808.000       1.5148
 809.000       1.3736
 810.000       1.5999
 811.000       1.3788
 812.000       1.2027
 813.000       1.3200
 814.000       1.6319
 815.000       1.4210
 816.000       1.1075
 817.000       1.1004
 818.000       1.6459
 819.000       1.1138
 820.000       0.9340
 821.000       1.0434
 822.000       0.9793
 823.000       0.8499
 824.000       0.9313
 825.000       1.5076
 826.000       1.1463
 827.000       0.9555
 828.000       1.4782
 829.000       0.9853
 830.000       1.4668
 831.000       1.0540
 832.000       1.0087
 833.000       0.9357
 834.000       0.8937
 835.000       1.3651
 836.000       1.0170
 837.000       0.8816
 838.000       0.8424
 839.000       0.9024
 840.000       0.8775
 841.000       0.9607
 842.000       1.2367
 843.000       1.2831
 844.000       1.3888
 845.000       1.2611
 846.000       1.8375
 847.000       1.2074
 848.000       1.0324
 849.000       0.8249
 850.000       1.0064
 851.000       1.2884
 852.000       2.1404
 853.000       3.6528
