#Res        AtomicFlx
 964.000       1.2049
 965.000       1.3903
 966.000       1.7195
 967.000       1.3934
 968.000       1.3532
 969.000       2.0988
 970.000       1.8111
 971.000       1.4786
 972.000       1.6313
 973.000       2.0260
 974.000       2.1716
 975.000       1.7619
 976.000       2.4525
 977.000       2.1139
 978.000       2.6495
 979.000       1.9100
 980.000       1.7808
 981.000       1.6905
 982.000       1.7368
 983.000       1.8340
 984.000       2.0211
 985.000       1.4796
 986.000       1.6079
 987.000       1.4129
 988.000       1.3151
 989.000       1.2900
 990.000       1.2605
 991.000       1.1676
 992.000       1.3213
 993.000       1.0519
 994.000       1.1409
 995.000       1.1904
 996.000       1.0032
 997.000       1.1715
 998.000       1.5426
 999.000       1.4269
1000.000       1.0425
1001.000       1.0806
1002.000       1.1276
1003.000       1.4734
1004.000       1.0853
1005.000       1.2175
1006.000       1.6067
1007.000       1.2777
1008.000       1.2040
1009.000       1.6229
1010.000       1.1836
1011.000       1.5969
1012.000       1.8565
1013.000       2.0671
1014.000       1.6243
1015.000       1.3663
1016.000       1.1942
1017.000       1.2187
1018.000       1.2663
1019.000       1.9776
1020.000       1.2834
1021.000       1.0204
1022.000       1.4450
1023.000       1.1501
1024.000       1.0383
1025.000       1.0507
1026.000       1.6460
1027.000       1.1939
1028.000       1.3631
1029.000       1.2612
1030.000       1.3799
1031.000       1.4546
1032.000       2.0101
1033.000       1.3701
1034.000       1.1723
1035.000       1.6868
1036.000       1.7134
1037.000       1.1074
1038.000       1.1818
1039.000       1.3532
1040.000       1.4545
1041.000       1.1811
1042.000       1.3420
1043.000       1.7112
1044.000       1.3187
1045.000       1.4150
1046.000       1.5948
1047.000       1.8366
1048.000       1.6588
1049.000       1.9020
1050.000       2.8936
1051.000       4.6978
