#Res        AtomicFlx
 475.000       2.1456
 476.000       1.7174
 477.000       1.5200
 478.000       1.7350
 479.000       2.1528
 480.000       1.4419
 481.000       1.5486
 482.000       1.4184
 483.000       1.7079
 484.000       1.4478
 485.000       1.3096
 486.000       1.2072
 487.000       1.2799
 488.000       1.4088
 489.000       1.1352
 490.000       1.3101
 491.000       1.4606
 492.000       1.2923
 493.000       1.2055
 494.000       1.8923
 495.000       1.8831
 496.000       1.3193
 497.000       1.9089
 498.000       1.3476
 499.000       1.1408
 500.000       1.6941
 501.000       1.2738
 502.000       0.9916
 503.000       0.9958
 504.000       1.3595
 505.000       1.0323
 506.000       0.9638
 507.000       1.0356
 508.000       1.1138
 509.000       1.0960
 510.000       1.0759
 511.000       1.1527
 512.000       1.2093
 513.000       1.1914
 514.000       1.2138
 515.000       1.4756
 516.000       1.4511
 517.000       1.3726
 518.000       1.4125
 519.000       1.5501
 520.000       1.8219
 521.000       1.6587
 522.000       1.6876
 523.000       2.0761
 524.000       1.9253
 525.000       1.8745
 526.000       2.0273
 527.000       2.3517
 528.000       2.1442
 529.000       2.1879
 530.000       2.7436
 531.000       2.7824
 532.000       2.6529
 533.000       2.8738
 534.000       2.4991
 535.000       2.4322
 536.000       2.5805
 537.000       1.8925
 538.000       1.9290
 539.000       1.8128
 540.000       2.1421
 541.000       1.9704
 542.000       1.7347
 543.000       2.0323
 544.000       2.1304
 545.000       1.8973
 546.000       1.9505
 547.000       2.6881
 548.000       2.6493
 549.000       2.5049
 550.000       2.8664
 551.000       2.5081
 552.000       2.1865
 553.000       2.4407
 554.000       2.5746
 555.000       2.1475
 556.000       2.2765
 557.000       2.4508
