#Frame   AVERAGE_00016 AVERAGE_00016[SD]
       1        1.9682            0.6394
       2        1.7534            0.5136
       3        1.4892            0.5756
       4        1.6813            0.5481
       5        2.0873            0.4373
       6        1.4158            0.5204
       7        1.4767            0.5577
       8        1.3672            0.5917
       9        1.6476            0.6116
      10        1.3966            0.6095
      11        1.2700            0.5982
      12        1.2434            0.5470
      13        1.2726            0.5334
      14        1.4395            0.5928
      15        1.1354            0.4879
      16        1.3057            0.3782
      17        1.6636            0.4668
      18        1.2636            0.4571
      19        1.2275            0.3393
      20        1.7441            0.2562
      21        1.8048            0.3336
      22        1.2683            0.3265
      23        1.7068            0.3073
      24        1.3065            0.2744
      25        1.3169            0.3031
      26        1.7902            0.3082
      27        1.5739            0.3921
      28        1.3083            0.4305
      29        1.4175            0.5347
      30        1.5236            0.5238
      31        1.2316            0.4621
      32        1.0936            0.4147
      33        1.1175            0.4487
      34        1.1762            0.4789
      35        1.1627            0.4098
      36        1.0749            0.4424
      37        1.1042            0.5186
      38        1.1447            0.5146
      39        1.1234            0.4926
      40        1.1181            0.5504
      41        1.3713            0.5653
      42        1.3114            0.5502
      43        1.2048            0.5868
      44        1.2260            0.6651
      45        1.3332            0.6858
      46        1.5920            0.6033
      47        1.3989            0.6926
      48        1.4237            0.7708
      49        1.8264            0.7203
      50        1.6188            0.7580
      51        1.5450            0.8658
      52        1.6890            0.9104
      53        2.0204            0.8552
      54        1.7827            0.9226
      55        1.8303            0.9731
      56        2.5198            0.9052
      57        2.4301            0.8834
      58        2.3377            0.9361
      59        2.5340            0.9780
      60        2.1695            0.9865
      61        2.1065            0.9248
      62        2.2503            1.0313
      63        1.5953            0.9054
      64        1.6327            0.9181
      65        1.5203            0.8676
      66        1.8093            0.8578
      67        1.6317            0.9082
      68        1.4276            0.7727
      69        1.7748            0.6882
      70        1.7942            0.7751
      71        1.5545            0.6900
      72        1.6047            0.5674
      73        2.4023            0.3373
      74        2.3847            0.6099
      75        2.2402            0.6901
      76        2.5044            0.4588
      77        2.1970            0.7824
      78        1.7414            0.6275
      79        1.9007            0.3864
      80        2.1150            0.4781
      81        1.7073            0.5149
      82        1.8232            0.4366
      83        2.2159            0.4210
