#Res        AtomicFlx
 781.000       0.8413
 782.000       1.1359
 783.000       0.7245
 784.000       0.6581
 785.000       0.6547
 786.000       1.0585
 787.000       0.7563
 788.000       0.6206
 789.000       0.5553
 790.000       0.6116
 791.000       0.6359
 792.000       0.6020
 793.000       0.6047
 794.000       0.5945
 795.000       0.7036
 796.000       0.7307
 797.000       0.6450
 798.000       0.6776
 799.000       0.7235
 800.000       0.7913
 801.000       0.6546
 802.000       0.7285
 803.000       1.3324
 804.000       0.9552
 805.000       0.7180
 806.000       0.7954
 807.000       0.7226
 808.000       0.7744
 809.000       0.6712
 810.000       1.0312
 811.000       0.7646
 812.000       0.6767
 813.000       0.7643
 814.000       1.1394
 815.000       1.0088
 816.000       0.6376
 817.000       0.6309
 818.000       1.6391
 819.000       0.6534
 820.000       0.6309
 821.000       0.7496
 822.000       0.7990
 823.000       0.7603
 824.000       0.8099
 825.000       1.5246
 826.000       1.3210
 827.000       1.0405
 828.000       1.4951
 829.000       0.9036
 830.000       1.2481
 831.000       0.8356
 832.000       0.7511
 833.000       0.7158
 834.000       0.6491
 835.000       1.2283
 836.000       0.7755
 837.000       0.5846
 838.000       0.6099
 839.000       0.7131
 840.000       0.5729
 841.000       0.6006
 842.000       1.0178
 843.000       1.1811
 844.000       0.9078
 845.000       0.9296
 846.000       1.5468
 847.000       0.8698
 848.000       0.6563
 849.000       0.6672
 850.000       0.7577
 851.000       0.8942
 852.000       1.8181
 853.000       3.5625
