#Res        AtomicFlx
 402.000       0.8016
 403.000       1.0284
 404.000       0.7173
 405.000       0.6648
 406.000       0.6592
 407.000       1.0801
 408.000       0.7241
 409.000       0.7056
 410.000       0.5885
 411.000       0.6344
 412.000       0.6489
 413.000       0.6361
 414.000       0.6282
 415.000       0.6158
 416.000       0.7355
 417.000       0.9965
 418.000       0.6643
 419.000       0.6884
 420.000       0.7386
 421.000       0.7996
 422.000       0.6728
 423.000       0.7271
 424.000       1.3358
 425.000       0.9671
 426.000       0.6727
 427.000       0.7555
 428.000       0.7238
 429.000       0.7634
 430.000       0.6916
 431.000       1.0235
 432.000       0.7979
 433.000       0.7046
 434.000       0.8107
 435.000       1.1676
 436.000       1.0292
 437.000       0.7051
 438.000       0.6791
 439.000       1.3097
 440.000       0.8503
 441.000       0.6272
 442.000       0.7524
 443.000       0.6968
 444.000       0.6688
 445.000       0.7125
 446.000       1.4029
 447.000       0.8847
 448.000       0.8645
 449.000       1.3316
 450.000       0.8110
 451.000       1.1594
 452.000       0.7808
 453.000       0.7190
 454.000       0.7108
 455.000       0.6635
 456.000       1.2162
 457.000       0.8468
 458.000       0.6091
 459.000       0.6276
 460.000       0.7337
 461.000       0.6071
 462.000       0.6258
 463.000       1.0279
 464.000       1.2366
 465.000       1.0301
 466.000       0.8565
 467.000       1.3544
 468.000       0.9725
 469.000       0.6907
 470.000       0.6728
 471.000       0.7590
 472.000       0.9275
 473.000       2.0248
 474.000       3.7426
