#Res        AtomicFlx
 475.000       2.1571
 476.000       2.1855
 477.000       1.7657
 478.000       2.0465
 479.000       2.5359
 480.000       1.8070
 481.000       1.7563
 482.000       1.5472
 483.000       1.7055
 484.000       1.3809
 485.000       1.2656
 486.000       1.4215
 487.000       1.3767
 488.000       1.4540
 489.000       1.1762
 490.000       1.5028
 491.000       1.8582
 492.000       1.2030
 493.000       1.2948
 494.000       1.8486
 495.000       1.6763
 496.000       1.2420
 497.000       1.6968
 498.000       1.3494
 499.000       1.6466
 500.000       2.1212
 501.000       2.0128
 502.000       1.7681
 503.000       1.9854
 504.000       2.3549
 505.000       1.7342
 506.000       1.5200
 507.000       1.4237
 508.000       1.5067
 509.000       1.5490
 510.000       1.2112
 511.000       1.1832
 512.000       1.2615
 513.000       1.1674
 514.000       1.0176
 515.000       1.3217
 516.000       1.2427
 517.000       1.0411
 518.000       0.9949
 519.000       1.1377
 520.000       1.3863
 521.000       1.1146
 522.000       1.1430
 523.000       1.6084
 524.000       1.3184
 525.000       1.2138
 526.000       1.3577
 527.000       1.6628
 528.000       1.4026
 529.000       1.4899
 530.000       2.3144
 531.000       2.0221
 532.000       2.0428
 533.000       2.2288
 534.000       1.9610
 535.000       1.9861
 536.000       2.1636
 537.000       1.3830
 538.000       1.4507
 539.000       1.3365
 540.000       1.9534
 541.000       1.3766
 542.000       1.1418
 543.000       1.7240
 544.000       1.6230
 545.000       1.3057
 546.000       1.4796
 547.000       2.5093
 548.000       2.1406
 549.000       2.1355
 550.000       2.4725
 551.000       1.9696
 552.000       1.5889
 553.000       2.1538
 554.000       2.2816
 555.000       1.7367
 556.000       1.8947
 557.000       2.1590
