#Res        AtomicFlx
 301.000       4.3910
 302.000       4.6660
 303.000       4.5214
 304.000       4.2202
 305.000       4.3378
 306.000       4.8743
 307.000       4.2312
 308.000       4.0227
 309.000       4.7674
 310.000       4.4980
 311.000       4.0243
 312.000       3.8975
 313.000       4.3269
 314.000       4.0342
 315.000       3.8534
 316.000       4.2072
 317.000       3.6772
 318.000       3.6713
 319.000       3.4555
 320.000       3.8627
 321.000       3.6774
 322.000       3.5812
 323.000       3.3698
 324.000       3.0952
 325.000       3.4618
 326.000       3.2985
 327.000       2.8471
 328.000       2.7944
 329.000       3.1542
 330.000       2.9198
 331.000       2.4668
 332.000       2.4998
 333.000       2.9377
 334.000       2.6771
 335.000       2.3910
 336.000       2.7785
 337.000       3.0081
 338.000       2.8340
 339.000       2.6595
 340.000       3.2791
 341.000       2.9923
 342.000       3.2942
 343.000       3.4199
 344.000       3.2465
 345.000       2.9428
 346.000       3.0785
 347.000       3.4412
 348.000       2.8956
 349.000       2.7751
 350.000       3.1511
 351.000       3.1758
 352.000       2.7382
 353.000       2.7897
 354.000       3.1876
 355.000       2.9085
 356.000       2.5950
 357.000       2.9119
 358.000       3.1338
 359.000       2.9012
 360.000       2.8348
 361.000       3.2060
 362.000       3.5025
 363.000       2.9204
 364.000       3.0543
 365.000       3.4105
 366.000       3.2938
 367.000       3.0785
 368.000       3.3996
 369.000       3.5771
 370.000       3.3298
 371.000       3.5123
 372.000       3.9673
 373.000       3.5787
 374.000       3.8535
 375.000       3.6635
 376.000       3.3537
 377.000       3.2907
 378.000       2.9310
 379.000       3.0650
 380.000       3.0456
 381.000       2.8373
 382.000       2.9652
 383.000       2.7342
 384.000       2.6674
 385.000       2.8901
 386.000       3.0330
 387.000       2.5274
 388.000       2.7429
 389.000       2.6057
 390.000       4.0251
 391.000       5.6848
 392.000       6.3042
