#Res        AtomicFlx
 402.000       1.7499
 403.000       2.0094
 404.000       1.7734
 405.000       1.7017
 406.000       1.6529
 407.000       2.1731
 408.000       2.0518
 409.000       1.6649
 410.000       1.7051
 411.000       1.8643
 412.000       1.7150
 413.000       1.7065
 414.000       1.7927
 415.000       1.8098
 416.000       2.0065
 417.000       2.0576
 418.000       1.8574
 419.000       1.8223
 420.000       1.8071
 421.000       1.7589
 422.000       1.6532
 423.000       1.7217
 424.000       2.0151
 425.000       1.6930
 426.000       1.5402
 427.000       1.6302
 428.000       1.4302
 429.000       1.4199
 430.000       1.3972
 431.000       1.5801
 432.000       1.3312
 433.000       1.2575
 434.000       1.3536
 435.000       1.6133
 436.000       1.4505
 437.000       1.1422
 438.000       1.1387
 439.000       1.8681
 440.000       1.1082
 441.000       1.0306
 442.000       1.0979
 443.000       0.9867
 444.000       0.9823
 445.000       1.0986
 446.000       1.6193
 447.000       1.3898
 448.000       1.2261
 449.000       1.7044
 450.000       1.2059
 451.000       1.5714
 452.000       1.2679
 453.000       1.2053
 454.000       1.1865
 455.000       1.1727
 456.000       1.5478
 457.000       1.1897
 458.000       1.0815
 459.000       1.0626
 460.000       1.1135
 461.000       0.9503
 462.000       1.0479
 463.000       1.2619
 464.000       1.3354
 465.000       1.1291
 466.000       1.1603
 467.000       1.5936
 468.000       1.2415
 469.000       1.2036
 470.000       1.3443
 471.000       1.3328
 472.000       1.4177
 473.000       2.1322
 474.000       3.5056
