#Res        AtomicFlx
 854.000       1.4001
 855.000       1.2966
 856.000       0.9527
 857.000       1.1670
 858.000       1.5961
 859.000       0.9103
 860.000       0.9472
 861.000       0.8359
 862.000       1.0516
 863.000       0.9122
 864.000       0.7360
 865.000       0.7467
 866.000       0.7641
 867.000       1.1007
 868.000       0.6961
 869.000       0.9684
 870.000       1.6249
 871.000       0.9152
 872.000       0.9469
 873.000       1.5253
 874.000       1.5812
 875.000       1.1589
 876.000       1.8668
 877.000       1.1702
 878.000       1.3917
 879.000       2.0059
 880.000       1.7596
 881.000       0.9900
 882.000       1.0577
 883.000       1.0386
 884.000       0.8350
 885.000       0.7281
 886.000       0.7054
 887.000       0.7537
 888.000       0.8423
 889.000       0.7247
 890.000       0.6750
 891.000       0.7313
 892.000       0.7612
 893.000       0.7105
 894.000       0.9006
 895.000       0.9871
 896.000       0.7736
 897.000       0.6817
 898.000       0.7585
 899.000       1.1334
 900.000       0.8129
 901.000       0.7546
 902.000       1.2188
 903.000       0.9786
 904.000       0.7649
 905.000       0.8681
 906.000       1.3086
 907.000       0.9759
 908.000       0.9492
 909.000       1.6930
 910.000       1.7072
 911.000       1.5279
 912.000       1.6664
 913.000       1.2107
 914.000       1.0867
 915.000       1.0246
 916.000       0.6999
 917.000       0.7166
 918.000       0.6840
 919.000       0.8884
 920.000       0.7668
 921.000       0.7211
 922.000       1.0761
 923.000       1.1403
 924.000       0.9476
 925.000       1.1165
 926.000       2.1292
 927.000       1.9564
 928.000       1.7430
 929.000       2.1531
 930.000       1.6349
 931.000       1.2878
 932.000       1.8174
 933.000       1.9439
 934.000       1.4594
 935.000       1.6760
 936.000       2.1311
