#Res        AtomicFlx
 585.000       1.1119
 586.000       1.1351
 587.000       1.4316
 588.000       1.1097
 589.000       0.9887
 590.000       1.6150
 591.000       1.4344
 592.000       0.9845
 593.000       1.0706
 594.000       1.5423
 595.000       1.6687
 596.000       1.1301
 597.000       1.2584
 598.000       1.4569
 599.000       1.8141
 600.000       1.2479
 601.000       1.1100
 602.000       1.0632
 603.000       1.0875
 604.000       1.2421
 605.000       1.4766
 606.000       0.9067
 607.000       1.2294
 608.000       0.9812
 609.000       0.8613
 610.000       0.8786
 611.000       0.9877
 612.000       0.8504
 613.000       0.9727
 614.000       0.7431
 615.000       0.9203
 616.000       0.9441
 617.000       0.7949
 618.000       0.9881
 619.000       1.3486
 620.000       1.1111
 621.000       0.8451
 622.000       0.8469
 623.000       0.9418
 624.000       1.2859
 625.000       0.9158
 626.000       0.9766
 627.000       1.8397
 628.000       1.1070
 629.000       1.0135
 630.000       1.2231
 631.000       1.0910
 632.000       1.5425
 633.000       1.5326
 634.000       1.8514
 635.000       1.3000
 636.000       1.0492
 637.000       1.0001
 638.000       1.0285
 639.000       1.0769
 640.000       1.7567
 641.000       1.1061
 642.000       0.8784
 643.000       1.3170
 644.000       0.9840
 645.000       0.8689
 646.000       0.8618
 647.000       1.3814
 648.000       0.9664
 649.000       1.1644
 650.000       0.9695
 651.000       1.0129
 652.000       1.1609
 653.000       1.7381
 654.000       1.0817
 655.000       0.9474
 656.000       1.5173
 657.000       1.5160
 658.000       0.8933
 659.000       0.9828
 660.000       1.1257
 661.000       1.2087
 662.000       0.9574
 663.000       1.1023
 664.000       1.4379
 665.000       1.0353
 666.000       1.1910
 667.000       1.3189
 668.000       1.5810
 669.000       1.3149
 670.000       1.6476
 671.000       2.9804
 672.000       4.5710
