#Res        AtomicFlx
 585.000       0.8975
 586.000       0.7718
 587.000       0.9653
 588.000       0.8272
 589.000       0.7479
 590.000       1.6015
 591.000       1.0933
 592.000       0.8123
 593.000       0.8811
 594.000       1.3534
 595.000       1.5494
 596.000       1.0424
 597.000       1.5305
 598.000       1.3017
 599.000       1.8347
 600.000       1.1606
 601.000       0.9606
 602.000       0.8432
 603.000       0.8308
 604.000       0.9819
 605.000       1.2333
 606.000       0.6604
 607.000       0.8260
 608.000       0.7762
 609.000       0.6610
 610.000       0.7097
 611.000       0.7704
 612.000       0.6620
 613.000       0.9082
 614.000       0.7216
 615.000       0.7827
 616.000       0.8660
 617.000       0.6849
 618.000       0.9057
 619.000       1.3510
 620.000       1.1163
 621.000       0.6766
 622.000       0.6804
 623.000       0.7404
 624.000       1.0189
 625.000       0.6979
 626.000       0.8313
 627.000       0.9946
 628.000       0.8488
 629.000       0.8429
 630.000       1.4417
 631.000       0.9213
 632.000       1.3169
 633.000       1.4933
 634.000       1.6771
 635.000       1.2797
 636.000       0.9709
 637.000       0.8084
 638.000       0.7851
 639.000       0.8606
 640.000       1.5216
 641.000       0.8616
 642.000       0.6794
 643.000       1.1115
 644.000       0.7219
 645.000       0.6653
 646.000       0.7188
 647.000       1.2987
 648.000       0.7959
 649.000       1.0010
 650.000       0.9134
 651.000       1.0612
 652.000       1.2006
 653.000       1.8125
 654.000       1.0790
 655.000       0.8809
 656.000       1.4343
 657.000       1.4351
 658.000       0.7963
 659.000       0.8566
 660.000       0.9973
 661.000       1.1172
 662.000       0.8197
 663.000       0.9509
 664.000       1.3208
 665.000       0.8695
 666.000       1.0445
 667.000       1.1642
 668.000       1.4125
 669.000       1.1531
 670.000       1.5904
 671.000       2.8169
 672.000       4.1385
