#Res        AtomicFlx
 402.000       2.4295
 403.000       2.7498
 404.000       2.5070
 405.000       2.2505
 406.000       2.2223
 407.000       2.6283
 408.000       2.2875
 409.000       2.0697
 410.000       2.1235
 411.000       2.2892
 412.000       2.0115
 413.000       2.0184
 414.000       2.1199
 415.000       2.2292
 416.000       2.4296
 417.000       2.5653
 418.000       2.4650
 419.000       2.5278
 420.000       2.5911
 421.000       2.5653
 422.000       2.3538
 423.000       2.4483
 424.000       2.6581
 425.000       2.3765
 426.000       2.1488
 427.000       2.2488
 428.000       2.0524
 429.000       2.0105
 430.000       1.9117
 431.000       2.0554
 432.000       1.8224
 433.000       1.6305
 434.000       1.7313
 435.000       1.9511
 436.000       1.7345
 437.000       1.4470
 438.000       1.4909
 439.000       1.9936
 440.000       1.3802
 441.000       1.2414
 442.000       1.3064
 443.000       1.1975
 444.000       1.0868
 445.000       1.1834
 446.000       1.6694
 447.000       1.2766
 448.000       1.1525
 449.000       1.5453
 450.000       1.2293
 451.000       1.5699
 452.000       1.3783
 453.000       1.4142
 454.000       1.3164
 455.000       1.2983
 456.000       1.6046
 457.000       1.3065
 458.000       1.2679
 459.000       1.2078
 460.000       1.0905
 461.000       1.1740
 462.000       1.2386
 463.000       1.3591
 464.000       1.3522
 465.000       1.4872
 466.000       1.3020
 467.000       2.0889
 468.000       1.3914
 469.000       1.3289
 470.000       1.2557
 471.000       1.5327
 472.000       1.7611
 473.000       2.3035
 474.000       3.7652
