#Res        AtomicFlx
 301.000       0.8079
 302.000       0.8868
 303.000       0.8089
 304.000       0.7135
 305.000       0.8665
 306.000       1.7062
 307.000       1.1654
 308.000       0.6558
 309.000       1.6243
 310.000       1.5768
 311.000       0.7563
 312.000       0.7252
 313.000       1.1764
 314.000       0.8395
 315.000       0.7807
 316.000       1.3664
 317.000       0.8134
 318.000       0.6787
 319.000       0.7060
 320.000       1.2906
 321.000       1.0565
 322.000       0.8835
 323.000       0.7847
 324.000       0.6895
 325.000       1.1333
 326.000       0.8675
 327.000       0.7560
 328.000       0.7563
 329.000       1.2693
 330.000       1.2469
 331.000       0.8109
 332.000       0.8496
 333.000       1.3149
 334.000       1.4285
 335.000       1.2137
 336.000       1.3967
 337.000       1.4299
 338.000       1.7729
 339.000       1.1482
 340.000       1.2222
 341.000       0.9530
 342.000       1.0594
 343.000       1.1505
 344.000       0.8400
 345.000       0.6458
 346.000       0.7084
 347.000       1.1748
 348.000       0.6043
 349.000       0.7299
 350.000       0.6215
 351.000       0.7940
 352.000       0.5581
 353.000       0.6075
 354.000       0.7713
 355.000       0.5860
 356.000       0.7254
 357.000       0.6247
 358.000       0.6488
 359.000       0.6204
 360.000       0.6447
 361.000       0.8293
 362.000       1.0189
 363.000       0.7690
 364.000       0.5957
 365.000       0.6532
 366.000       0.8340
 367.000       0.6611
 368.000       0.6399
 369.000       0.7007
 370.000       0.7061
 371.000       0.7586
 372.000       1.2229
 373.000       0.7214
 374.000       0.8083
 375.000       0.6816
 376.000       0.6172
 377.000       0.8482
 378.000       0.7058
 379.000       1.0670
 380.000       0.7708
 381.000       0.7531
 382.000       1.3006
 383.000       0.7863
 384.000       0.6916
 385.000       1.1103
 386.000       1.3255
 387.000       0.8052
 388.000       0.8751
 389.000       1.3810
 390.000       4.0692
 391.000       4.9669
 392.000       5.5590
