#Res        AtomicFlx
 680.000       0.7944
 681.000       0.8582
 682.000       0.7548
 683.000       0.6818
 684.000       0.8612
 685.000       1.3773
 686.000       0.9404
 687.000       0.6261
 688.000       1.4132
 689.000       1.5153
 690.000       0.7354
 691.000       0.6907
 692.000       1.1231
 693.000       0.8357
 694.000       0.8006
 695.000       1.5851
 696.000       0.8576
 697.000       0.6650
 698.000       0.6709
 699.000       1.0874
 700.000       1.0748
 701.000       0.8971
 702.000       0.7559
 703.000       0.6588
 704.000       1.2003
 705.000       0.8444
 706.000       0.7419
 707.000       0.6971
 708.000       1.4249
 709.000       1.2570
 710.000       0.8071
 711.000       0.8644
 712.000       1.4430
 713.000       1.6133
 714.000       1.6303
 715.000       1.4600
 716.000       1.5276
 717.000       2.4665
 718.000       1.2773
 719.000       1.5865
 720.000       1.0310
 721.000       1.1140
 722.000       1.1036
 723.000       0.7932
 724.000       0.6193
 725.000       0.6762
 726.000       1.1378
 727.000       0.5713
 728.000       0.6771
 729.000       0.6095
 730.000       0.8230
 731.000       0.5383
 732.000       0.6025
 733.000       0.7680
 734.000       0.5781
 735.000       0.7148
 736.000       0.6215
 737.000       0.6465
 738.000       0.6064
 739.000       0.6314
 740.000       0.8245
 741.000       1.0302
 742.000       0.6491
 743.000       0.5783
 744.000       0.6383
 745.000       0.8132
 746.000       0.6462
 747.000       0.6179
 748.000       0.6770
 749.000       0.6965
 750.000       0.7369
 751.000       1.1720
 752.000       0.6974
 753.000       0.7941
 754.000       0.6650
 755.000       0.6015
 756.000       0.8606
 757.000       0.6851
 758.000       0.9494
 759.000       0.6582
 760.000       0.7217
 761.000       1.2750
 762.000       0.7487
 763.000       0.7130
 764.000       1.1046
 765.000       1.7059
 766.000       0.8390
 767.000       1.4083
 768.000       1.6594
 769.000       2.9046
 770.000       6.3139
 771.000       6.9673
