#Res        AtomicFlx
 301.000       2.5806
 302.000       2.6682
 303.000       2.6411
 304.000       2.5003
 305.000       2.4664
 306.000       2.9016
 307.000       2.5416
 308.000       2.2371
 309.000       2.7915
 310.000       2.8322
 311.000       2.3084
 312.000       2.0641
 313.000       2.3418
 314.000       2.1283
 315.000       1.9511
 316.000       2.4839
 317.000       2.0208
 318.000       2.0672
 319.000       2.0740
 320.000       2.4257
 321.000       2.1840
 322.000       2.1556
 323.000       2.1349
 324.000       1.8847
 325.000       2.0707
 326.000       2.2270
 327.000       1.9178
 328.000       1.7771
 329.000       1.8197
 330.000       2.1607
 331.000       1.7755
 332.000       1.6543
 333.000       1.9067
 334.000       2.1013
 335.000       1.8854
 336.000       1.8158
 337.000       1.9195
 338.000       2.1955
 339.000       1.6543
 340.000       1.7990
 341.000       1.6662
 342.000       1.6210
 343.000       1.9229
 344.000       1.6303
 345.000       1.4977
 346.000       1.6942
 347.000       2.0130
 348.000       1.5022
 349.000       1.6522
 350.000       1.7948
 351.000       1.7624
 352.000       1.5674
 353.000       1.7098
 354.000       1.9258
 355.000       1.6864
 356.000       1.7466
 357.000       1.8838
 358.000       1.9039
 359.000       1.8082
 360.000       1.8893
 361.000       2.1426
 362.000       2.0994
 363.000       1.9144
 364.000       2.0625
 365.000       2.1533
 366.000       2.1295
 367.000       2.1196
 368.000       2.2578
 369.000       2.2440
 370.000       2.2091
 371.000       2.3997
 372.000       2.6983
 373.000       2.4426
 374.000       2.4910
 375.000       2.4834
 376.000       2.3226
 377.000       2.4937
 378.000       2.3297
 379.000       2.4709
 380.000       2.2545
 381.000       2.1926
 382.000       2.5289
 383.000       2.1193
 384.000       1.9857
 385.000       2.1732
 386.000       2.6686
 387.000       1.9672
 388.000       2.0048
 389.000       2.1316
 390.000       3.2399
 391.000       5.5882
 392.000       4.7251
