#Res        AtomicFlx
 854.000       3.2518
 855.000       2.8670
 856.000       2.8168
 857.000       2.8991
 858.000       2.9431
 859.000       2.5656
 860.000       2.7555
 861.000       2.7737
 862.000       3.1179
 863.000       2.8973
 864.000       2.7419
 865.000       2.5588
 866.000       2.5731
 867.000       2.9364
 868.000       2.3413
 869.000       2.1626
 870.000       2.6221
 871.000       2.4122
 872.000       2.0499
 873.000       2.2424
 874.000       2.6296
 875.000       2.0563
 876.000       2.1051
 877.000       1.9344
 878.000       1.8638
 879.000       2.2110
 880.000       2.2157
 881.000       2.2360
 882.000       2.5551
 883.000       2.4152
 884.000       2.2190
 885.000       1.9913
 886.000       2.1605
 887.000       2.2842
 888.000       2.0706
 889.000       2.1542
 890.000       2.3744
 891.000       2.3933
 892.000       2.3381
 893.000       2.4956
 894.000       2.7606
 895.000       2.6757
 896.000       2.6556
 897.000       2.8621
 898.000       3.0042
 899.000       3.0582
 900.000       3.0770
 901.000       3.2877
 902.000       3.5769
 903.000       3.4485
 904.000       3.6200
 905.000       3.8849
 906.000       4.1116
 907.000       4.0018
 908.000       4.1693
 909.000       4.6809
 910.000       4.5850
 911.000       4.6106
 912.000       4.9059
 913.000       4.5411
 914.000       4.2835
 915.000       4.6333
 916.000       3.7519
 917.000       3.8035
 918.000       3.5693
 919.000       3.7803
 920.000       3.7805
 921.000       3.2617
 922.000       3.4199
 923.000       3.6131
 924.000       3.1718
 925.000       2.8913
 926.000       3.0314
 927.000       3.7997
 928.000       3.8031
 929.000       3.3967
 930.000       3.9297
 931.000       3.0858
 932.000       2.3048
 933.000       2.9207
 934.000       2.6800
 935.000       2.4383
 936.000       3.1765
