#Res        AtomicFlx
 854.000       2.5080
 855.000       1.7326
 856.000       1.5699
 857.000       1.7336
 858.000       2.1906
 859.000       1.4300
 860.000       1.4942
 861.000       1.3911
 862.000       1.6537
 863.000       1.4031
 864.000       1.2981
 865.000       1.2931
 866.000       1.2900
 867.000       1.3020
 868.000       1.1344
 869.000       1.4003
 870.000       1.7833
 871.000       1.2252
 872.000       1.2388
 873.000       1.8797
 874.000       1.8564
 875.000       1.3360
 876.000       1.9649
 877.000       1.4387
 878.000       1.4390
 879.000       1.9415
 880.000       1.7762
 881.000       1.2595
 882.000       1.3910
 883.000       1.5307
 884.000       1.2194
 885.000       1.0576
 886.000       1.0769
 887.000       1.1490
 888.000       1.0919
 889.000       1.0001
 890.000       1.0543
 891.000       1.0871
 892.000       1.0586
 893.000       1.0366
 894.000       1.3579
 895.000       1.2175
 896.000       1.1486
 897.000       1.2016
 898.000       1.3300
 899.000       1.5790
 900.000       1.3782
 901.000       1.4492
 902.000       1.8433
 903.000       1.6571
 904.000       1.5970
 905.000       1.7490
 906.000       2.0352
 907.000       1.8600
 908.000       1.9186
 909.000       2.5724
 910.000       2.4655
 911.000       2.4128
 912.000       2.5966
 913.000       2.2357
 914.000       2.2289
 915.000       2.2845
 916.000       1.6614
 917.000       1.7316
 918.000       1.5974
 919.000       1.8107
 920.000       1.7165
 921.000       1.4542
 922.000       1.6864
 923.000       1.8720
 924.000       1.5584
 925.000       1.5788
 926.000       2.4281
 927.000       2.4674
 928.000       2.5103
 929.000       2.6976
 930.000       2.6846
 931.000       1.9808
 932.000       1.8161
 933.000       2.3023
 934.000       1.9535
 935.000       2.1105
 936.000       2.0590
