#Res        AtomicFlx
 964.000       1.4229
 965.000       1.3951
 966.000       1.6143
 967.000       1.3912
 968.000       1.3434
 969.000       1.9153
 970.000       1.6565
 971.000       1.3871
 972.000       1.4791
 973.000       1.8608
 974.000       2.0662
 975.000       1.6192
 976.000       1.7811
 977.000       1.8017
 978.000       2.0909
 979.000       1.7613
 980.000       1.6171
 981.000       1.5468
 982.000       1.6125
 983.000       1.6774
 984.000       1.7667
 985.000       1.4064
 986.000       1.4867
 987.000       1.3518
 988.000       1.2888
 989.000       1.2822
 990.000       1.3478
 991.000       1.1983
 992.000       1.3566
 993.000       1.1822
 994.000       1.2629
 995.000       1.2320
 996.000       1.0619
 997.000       1.1889
 998.000       1.5220
 999.000       1.4138
1000.000       0.9614
1001.000       0.9458
1002.000       1.0059
1003.000       1.1545
1004.000       0.9030
1005.000       1.0274
1006.000       1.2486
1007.000       1.0049
1008.000       0.9552
1009.000       1.2030
1010.000       1.1101
1011.000       1.3290
1012.000       1.5531
1013.000       1.4069
1014.000       1.0773
1015.000       0.9354
1016.000       0.9109
1017.000       0.8879
1018.000       0.9930
1019.000       1.6892
1020.000       0.9474
1021.000       0.8877
1022.000       1.2742
1023.000       0.9093
1024.000       0.9128
1025.000       0.9844
1026.000       1.5163
1027.000       1.0186
1028.000       1.2871
1029.000       1.1828
1030.000       1.2916
1031.000       1.4004
1032.000       1.9500
1033.000       1.3394
1034.000       1.1370
1035.000       1.6354
1036.000       1.6816
1037.000       1.0640
1038.000       1.0782
1039.000       1.2260
1040.000       1.3563
1041.000       1.0467
1042.000       1.1438
1043.000       1.5172
1044.000       1.1079
1045.000       1.1926
1046.000       1.3024
1047.000       1.5908
1048.000       1.3109
1049.000       1.6524
1050.000       2.7478
1051.000       4.3702
