#Res        AtomicFlx
 475.000       1.4655
 476.000       1.4976
 477.000       1.0701
 478.000       1.2869
 479.000       1.7335
 480.000       1.0854
 481.000       1.1291
 482.000       0.9921
 483.000       1.3052
 484.000       1.1023
 485.000       0.8933
 486.000       0.8768
 487.000       0.9183
 488.000       1.1247
 489.000       0.8608
 490.000       0.9809
 491.000       1.7978
 492.000       1.0191
 493.000       1.0790
 494.000       1.3852
 495.000       1.5912
 496.000       0.9158
 497.000       1.1784
 498.000       1.0819
 499.000       1.0686
 500.000       1.4994
 501.000       1.2321
 502.000       1.2114
 503.000       1.3127
 504.000       1.3116
 505.000       1.0171
 506.000       0.9012
 507.000       0.8911
 508.000       0.8761
 509.000       0.9106
 510.000       0.8096
 511.000       0.7682
 512.000       0.7941
 513.000       0.7669
 514.000       0.7569
 515.000       1.0135
 516.000       0.8916
 517.000       0.7903
 518.000       0.7910
 519.000       0.8482
 520.000       1.1265
 521.000       0.9132
 522.000       0.8868
 523.000       1.2936
 524.000       1.0460
 525.000       0.9206
 526.000       1.0209
 527.000       1.3971
 528.000       1.0932
 529.000       1.1223
 530.000       1.7538
 531.000       1.7893
 532.000       1.6573
 533.000       1.8279
 534.000       1.4885
 535.000       1.5363
 536.000       1.5706
 537.000       0.9980
 538.000       1.0553
 539.000       0.9699
 540.000       1.2770
 541.000       0.9954
 542.000       0.9057
 543.000       1.3606
 544.000       1.0828
 545.000       1.0115
 546.000       1.1728
 547.000       1.9411
 548.000       1.7727
 549.000       1.5068
 550.000       2.1139
 551.000       1.4483
 552.000       1.0973
 553.000       1.4911
 554.000       1.4634
 555.000       1.0601
 556.000       1.2463
 557.000       1.7626
