#Frame   AVERAGE_00016 AVERAGE_00016[SD]
       1        2.0386            0.9152
       2        2.3092            0.9135
       3        2.0729            0.9978
       4        1.9021            0.9296
       5        1.8689            0.8966
       6        2.3067            0.8910
       7        2.0517            0.9398
       8        1.7970            0.8662
       9        1.8311            0.9310
      10        1.9903            1.0185
      11        1.7979            0.9070
      12        1.7889            0.8825
      13        1.8903            0.9547
      14        1.9415            0.9782
      15        2.1656            1.0644
      16        2.2884            1.0284
      17        2.0756            1.0060
      18        2.0945            0.9973
      19        2.1222            0.9906
      20        2.0958            0.9330
      21        1.9278            0.8967
      22        2.0110            0.9187
      23        2.3119            0.7186
      24        1.9806            0.7374
      25        1.7686            0.7706
      26        1.8617            0.7846
      27        1.6776            0.6919
      28        1.6667            0.6560
      29        1.5922            0.6750
      30        1.7870            0.5764
      31        1.5444            0.5772
      32        1.4210            0.5684
      33        1.5142            0.5604
      34        1.7520            0.4495
      35        1.5718            0.4282
      36        1.2893            0.5016
      37        1.3012            0.5235
      38        1.9250            0.4085
      39        1.2526            0.4217
      40        1.1632            0.4899
      41        1.2453            0.4567
      42        1.1738            0.4061
      43        1.1147            0.4270
      44        1.2053            0.5056
      45        1.7558            0.3582
      46        1.4264            0.4025
      47        1.2898            0.5073
      48        1.7281            0.4574
      49        1.2952            0.5746
      50        1.6881            0.5561
      51        1.3768            0.6332
      52        1.3245            0.6018
      53        1.2724            0.6224
      54        1.2478            0.6375
      55        1.6270            0.4876
      56        1.2522            0.4903
      57        1.1764            0.5547
      58        1.1419            0.5409
      59        1.1331            0.4454
      60        1.0962            0.4474
      61        1.1667            0.4804
      62        1.3707            0.3223
      63        1.5117            0.3281
      64        1.4038            0.3792
      65        1.3300            0.3696
      66        1.8324            0.3579
      67        1.3811            0.4472
      68        1.2739            0.5923
      69        1.2705            0.6292
      70        1.4145            0.7199
      71        1.5711            0.6590
      72        2.2589            0.4037
      73        3.7646            0.2406
