#Res        AtomicFlx
 781.000       3.1024
 782.000       3.4886
 783.000       3.1780
 784.000       2.7960
 785.000       2.8180
 786.000       3.2222
 787.000       2.8201
 788.000       2.5103
 789.000       2.6503
 790.000       2.8769
 791.000       2.3238
 792.000       2.4296
 793.000       2.6197
 794.000       2.8381
 795.000       3.1500
 796.000       3.4493
 797.000       3.2861
 798.000       3.4551
 799.000       3.5328
 800.000       3.5156
 801.000       3.1599
 802.000       3.2123
 803.000       3.4695
 804.000       3.1515
 805.000       2.8041
 806.000       2.9359
 807.000       2.7329
 808.000       2.5883
 809.000       2.4142
 810.000       2.6729
 811.000       2.4423
 812.000       2.0791
 813.000       2.1708
 814.000       2.4528
 815.000       2.2409
 816.000       1.7683
 817.000       1.8317
 818.000       2.7599
 819.000       1.7613
 820.000       1.4383
 821.000       1.5808
 822.000       1.5783
 823.000       1.3131
 824.000       1.2518
 825.000       1.9527
 826.000       1.4946
 827.000       1.1354
 828.000       1.6393
 829.000       1.1554
 830.000       1.7934
 831.000       1.3747
 832.000       1.4077
 833.000       1.1828
 834.000       1.1576
 835.000       1.5254
 836.000       1.1235
 837.000       1.2647
 838.000       1.1084
 839.000       1.1096
 840.000       1.3841
 841.000       1.3911
 842.000       1.5669
 843.000       2.0544
 844.000       1.8599
 845.000       1.6342
 846.000       2.0048
 847.000       1.4956
 848.000       1.2215
 849.000       1.1841
 850.000       1.2054
 851.000       1.5279
 852.000       2.0986
 853.000       3.6759
